000000000000407000100608003600070005002010700070904030098000310200000009506000802
000000000001804500690000021200080006000736000300010008910000083003901700000000000
000000000008060700076400580500300040010070030090002005043007960001090200000000000
000000000025000740000243000800060007091000360300050009000184000047000280000000000
000000000030000020100000008001060400700103009000805000200000004014207960057406310
000000000045008100031400200090004006010050020800900070002006890006300450000000000
000000000069308570030907010054000830000000000097000150070103080028704690000000000
000000000080503040001806900063907450000000000207000806052000310000378000300000004
000000000094000150070506030005703200100040005006905800020807060019000780000000000
000000000100708006403000109000010000051000480000050000602000905900604001000000000
000000000400032007500000260069004000007080300000700610013000009800450006000000000
000000000408030209003801400006000300080305010002000500001203600309060804000000000
000000000600070008003506900010809050208704306000000000800000007004000600570000021
000000000700035200819600000002000005001304900600000700000003184007980006000000000
000000000750103069900070005006000200090080010002000500200010008460205037000000000
000000000809000103050307080900040002000261000100050004010508070704000205000000000
000000004000100000650042700009080070210000065060050400003860019000007000900000000
000000005010050620500700008009600070000418000050009400800007003024090010700000000
000000005108400000060003000021005000000800003605000097000000080007506002006001300
000000005500240000600300120400079080050000060070430002013004009000012008800000000
000000006542000700000090540006702000000000000000603100084010000003000279900000000
000000007093400000070008009000016900000500000500030624008040010000001030200760000
000000009500900000916002300000500600602000108009003000005300947000001003400000000
000000010006000703900045000000002600043070980009400000000130006805000400090000000
000000030020040500900005801001000070003462100080000400602100009008070020050000000
000000040008703009021005000500900300004030100002006008000100730100308500070000000
000000050000008006001470902000900820070000060056003000805091700700500000030000000
000000050069000107480010000200007000074060510000800009000050026706000890030000000
000000050700060902009071400065000074000000000430000260006790500208040003070000000
000000052067000300000003970000014090200596008050380000072900000006000420810000000
000000064872000190000100000030750200000040000006083040000007000025000873310000000
000000070000000000620380000007005691050009004800400002004250000000000100005700060
000000080000032001006809700009000270000060000038000500002507900100640000040000000
000000080060003702000010509000902405000000000205607000708040000406800020010000000
000000098000091650050408000580100000003000700000006012000807060064320000390000000
000000100600090007030008605000207500100000006002903000504700080200080001007000000
000000100920000007001800600000506803050408060806203000005007300200000094003000000
000000132004069005800100000000006200500080007008300000000001004700940500423000000
000000160900360008006000009009002006080000090100400500400000700700015002018000000
000000170340002000501000003005039000800060009000240600600000905000700061082000000
000000200009600701400173800000007002300500107007004050803000000000085000091000000
000000200020039460080600000004010030900000000030700020800006300590000612200500009
000000405000020060100600280003800100020030040005009600068007001030090000709000000
000000500004100080500806010000007230400000009018500000040209007020005400007000000
000000589002010700000805030000700003400000008100006000040902000005040900396000000
000000700035000940640002050004207000000090000000408100060500093082000670009000000
000000704200071000000400008000040003060207080900050000100005000000390006805000000
000000800030100040200009013900200000001308600000005007370500004050007030008000000
000000900030701000480020003760500100000070000003009086800030045000208090002000000
000000901070100030300080006040800610600010009059007020500040003090008050802000000
000000926100000000070900008060083000500000007000120040400001080000000005725000000
000000960005080030000403002000008510700000003028900000400701000090020600072000000
000000970157000000060080000004006081000040000730200400000010040000000265083000000
000001000000835020608700000004000085000900010800450730200006100040000000009100300
000001200025904780000500000040000000700000690019000000007000824600000070890070003
000001600000090010290000007005400300100070002002005800700000083080050000006900000
000001790000790008000083004040000601038000940506000020800130000700054000091600000
000001800000098500008700042003000014040000070610000300790003600006580000002600000
000001908000000070409080000003420006607000504100068300000040801030000000702800000
000003000601000004002007058000208700080000010007605000940300500300000206000500000
000003007020009080405000096500300000003080500000005003850000109010700040200600000
000003080604500000800000000300098067000006051000000930009020376000000010072000500
000003107000800050009170003070000302060000090503000040600019200040002000208600000
000003852050010006080000000200004100600080009001600004000000040500030070497200000
000004000000090012006820470081000000730000045000000320069053700510070000000600000
000004050902030108670000000000006007320000096700900000000000081501040309060100000
000004061701000308000030050500006004600000200804000000050400090007000000000728030
000004715000150002000003006700000809004980020000010060485020000007000000002006000
000004823000000009000207000001078090030000000049062080024150000090000004003000060
000004906400508000000310000010000050540080067090000080000042000000803002604100000
000005003700090002604000090007602000000000000000401700020000305400030006900100000
000005040000700105000860370013900006006000700900006830057048000304002000080100000
000005100400080000309060007080002600007000500005700010200010905000090003004300000
000005900014700005090400070082000000000008760600010030800030100001046008030000090
000005907000081400000090003200000031080000060170000008600050000003610000902400000
000006000007000204080370000470120800000000000009048015000031090802000600000500000
000006000050200940000300082006002004001000700400500300870009000039005010000700000
000006000507010000010300450205000000041000270000000603092001040000030908000700000
000006002060000093000200400800700009049000830500003006005004000310000050900100000
000006041000009030000040820000100580400000007026008000019020000040500000870300000
000006180020810005001070002090600007035000490700004010900040800300058020048300000
000006430400800200000040006090070004047000860500020090800010000009003007023900000
000007000000060073008000041002004007300050009500100200870000600190030000000800000
000007000069200100000005040030009208001000400702800090020300000008004750000600000
000007008006900000100000240092600030000000000070005680038000005000006100400200000
000007030210040000070600005560000000400506003000000058700001020000060047080900000
000007040006040200400000000002001005030050010010400003080509700300800000000700506
000007050300060704000520090000010009080602130060080200270000000006490000004000010
000007100000009023000530700040000850702000409081000070009028000210300000003100000
000007940090460007001000008802019000007200050309500000080600000000002000000030670
000008000000007029270109038003000060700000005080000100930501087140700000000400000
000008000004290006006040029870000000002050400000000073690020500300084600000100000
000008010700501400090020070300600800600000003007005009070010050005807006060200000
000009001000201700300807005007000060003000400080000900100308002009105000400700000
000009040706230000009000008601400050000050000020003604200000700000075802070100000
000009078000040030000502010006000300410000029003000500080601000020090000730800000
000009400036000002500070000054000607000090000108000540000020005700000380001700000
000009503021000000009800600080690000400030009000082050002006300000000170703500000
000009600046018000500030020000000210070040050012000000020090006000850470003700000
000009730300040050000600200092004070000080000010700540001008000030090001046200000
000010000009502700030406050026000510900000008045000270050307080002801300000060000
000010000697000005053000000700200300040050090001006007000000960300000724000040000
000010005001000320530009010000034000400080007000760000040800061012000400900070000
000010060002500900009003001408200000001000300000007509600300800007004200090080000
000016900790085000000000000000078061000000000040100300000049600300060208005000070
000020000001706800082050140050000030306000205090000060014060590009504300000070000
000020000700400080090008620200700306000000000905003008086500070030006001000040000
000023090900001000007600018140005000000000000000400086290006400000300005060240000
000025800450000070007900000040000009700358006100000080000003200010000037004690000
000026901000900030000085006070000103201050804304000060800130000040008000509460000
000030000002900007080001039006190800100000003004073500650200070400009100000060000
000030000008902100030000060400080002050206040100050009080000030006401700000020000
000030000850107036000809000003000400046302890002000300000508000720903045000060000
000030000904605702200000006005000100090304050007000800600000003703908405000040000
000030290069000800070004000020010006000495000100070050000100070004000310017080000
000035900700600000064870002007000040000207000050000100500012430000003001002560000
000040000000008067085000003071003000500000001000900620200000480360500000000090000
000040000007609100090135060058000340406000908039000270010864020005701600000090000
000040000670003010801700500080004020006000900050900070007002108060800042000060000
000040203009000000080170006056400000800000002000005180700031040000000700904060000
000040700000009100090005800706001000301000206000700501003800010004300000008020000
000042500020007000000010327831000060000000000060000145284060000000900010006230000
000043020700000000004081009900000083030907010210000005600350400000000008050670000
000050000005438200080702040018000320760000081094000570020305060007264100000010000
000050000006408200089306510092000760700000008064000130028503970003109600000060000
000050010200406000000001805900700000800040006000009003503100000000904002070060000
000050080000097600900002000021000030809000702030000560000300004003580000010020000
000052000708000000020000905000701008060090020100304000309000010000000504000130000
000053006001000500080102070050000309030000020708000060040905080009000600800340000
000060000008104900030080020300506002700000001900708005010070050006305800000090000
000060000030000504608900000080705000007000100000309050000004206201000070000080000
000060019300700008005000000004080000096000870000010600000000300700005002280040000
000060090802001000000002008705300040300000006010009705500400000000200409070010000
000060800073000000140500030469000000000080000000000723020001076000000280004090000
000060840001002006090005003000001350900000007024800000800300060100900700079020000
000060910000502006002040300800000060070000080050000004003010500100309000024080000
000062300801000040090040700000150000060000090000027000004010070020000103008230000
000070000000000370500800410008002030700000006010400900042003008063000000000060000
000070000000005840080000057100750900030000020004089001350000060072400000000060000
000070000006908700050020010400000005600503004800000007070010090003409800000060000
000070000010400280200001570000000300003905700001000000029300006065009020000040000
000070008098005700070200310000060080003000400010020000087006030002900160500040000
000070009382000000000405000037600000100302007000007540000709000000000236400080000
000070036200503000009008700060000090800000003050000080005100600000207008140090000
000070100000000020000900834600008005004703900700400002418009000030000000006050000
000070903000000200900002100001704050060000010080201700002900007008000000406050000
000071090536000000000000002000009040050608020080300000900000000000000564060820000
000074000000009400030000021003000805960040073108000200720000010006700000000650000
000076009058900000070200000015008000003000900000100870000004020000007690400560000
000076040029004000000000003000009806300000005801200000700000000000100950050840000
000080000058204670020000010005000700809601205007000100040000050092105360000090000
000080000670304085900000006008000100000235000007000200800000007150708049000040000
000090000930805012100000003006000500000978000004000800200000001580203076000080000
000093000400080006297000000005007060300050002040100800000000234800010007000520000
000095002001000000800630090280900000300000004000006051070064008000000700500780000
000095340000800002000000910000300670007040500013008000061000000300006000072430000
000100000005030200068004010500001000030908040000600009080200690003070100000009000
000100000060500030400020700748000600000904000002000453003080006020003010000006000
000100396100003007002040000000601002000000000800509000000070500600300004234005000
000100608876000000000900030600030500040000010002050004090007000000000847307002000
000100907000050460000008521700020100090406070002090004923500000076080000405009000
000102008000040006000008240000006035010020070970800000098600000100080000200905000
000103000500000003030080010070904020000256000090000060700000009100502008003060400
000107000078000930900000006040030010000548000020070050400000003016000720000803000
000109000020040090009205800701000608080000040302000905005904100010050060000307000
000179500008000030070000000002060005003010900400050700000000050080000600007284000
000200050000000421200010000008076200700000003003420700000050009394000000060008000
000200059000000670040970000053000040008040100060000890000052030084000000310007000
000200086002043170000000000809000010710000058040000307000000000068590200350002000
000200150003600070900800000070000400050000090006000030000004002010005700094007000
000200300003006041700008000500001070020050060010400009000600002870500900004003000
000200801070500600040008070006400500000020000009007400060300080002009010301002000
000204000907000401300070005000060000061000270000080000400030008609000703000906000
000240900009000070060008002006409000400020005000301800300700050080000700001065000
000275000040000010300010006005000400069508120007000900600050008050000040000382000
000300004032800600007090080005000002020050010900000800050040900008006420100003000
000300009043000600000000010008605000200030000570008001050001040012500070600870000
000300090041000002700041500060800200470010600090004008000000020000475080000020900
000300500010000000403000008000085000902706000060290003097010400008900070300070600
000308000081090530900000006090102080703000209000000000059000760070000040200000003
000310020302070008060400000006080907000000000207040100000009050100050609040037000
000350002020000750800402000060003001030000080100900020000506007081000060200039000
000360700000007060300000109400002080102000406090800005608000004030200000004039000
000370009300006000086004000000010057002000400810060000000600280000200005500097000
000382000000000308000600700200000546009000800385000007006005000902000000000914000
000389000000000000306000908420000035685000794003070600002807500000010000070020040
000400001060002000480003006500000010030701040040000003300800075000500060200006000
000400005000526340000000200009003051100000003570900400007000000054297000600008000
000400005401807302003900800030000580700000009068000010006004900309701406200009000
000400010018700000040002005100070200005604300007050009800900020000001430030007000
000400016005900040000020000003000065002804300910000800000050000050003700790001000
000400021000900406030008000001000004700209008600000500000800070508003000120005000
000400076706090002000000000001700090005010300090003800000000000800060503920004000
000402801500080042000003000050600009000090000700004080000300000370010006908207000
000402900050070400300100062807000000000080000000000304680005001002040090005803000
000408000086000210090205080805000102000000000903000607040601070072000360000807000
000420105000007230000000047100090060600503008030060001260000000075900000901072000
000480000200003000059000001092010000004000900000030810600000320000600008000047000
000500026010809000000000049030001500400000007001400060390000000000206030570003000
000500630400200907000900800800000000057000140000000009008003000306007002071004000
000500826500009000000040090000108600300070008004605000050020000000700001823001000
000503000000918000001000500004000200000701000700090003003000400490207018070050090
000506200090130040000040001370000002046000710200000035800020000020018050007609000
000508000008030401079000500002003060000090000040100300007000230104050900000307000
000508100000009034029000000037000002000201000800000650000000470950400000006305000
000600003060010090007400008603800400000000000008002305200005700090080040100004000
000600050900010003031070000000546910000000000000090036600000091408001000050000042
000600100105900080097020000500800700003000200001006004000050640050003901002004000
000602000103000704050000010008030100000258000006040800020000080905000307000709000
000603010000040708290001050400000030008000900070000004030200071501060000060309000
000608000807000103000090000001040500702000601009020800000080000408000709000305000
000609000510000094600000007060080030700040006030070040100000005390000021000208000
000609037030080600600020900095000000800205009000000150008050003001060040340807000
000630010001002006040007080760000000900706005000000068090400030100200900050073000
000641000602000401000000000010000050097020840040000030000000000108000703000795000
000650300000037460007000009000000502010000040804000000700000200085460000001085000
000680000001057006005000023000006200300090004007500000890000700400870100000069000
000700006000039500830060000300000750060000080072000001000050067004290000200008000
000700105000030000805004030009000050450000092060000400090200607000080000102003000
000703000006000700070010050002000300180000049300080006000802000500106002408000901
000706010096004000082300000905000040070000080040000306000007530000900860030201000
000708090000002037005010400800400053003000800570006004006090300910200000050601000
000709000270000095005000700050010060400000009030080010003000100960000047000206000
000800000790050480000040750040000200002903500001000090059010000027080035000002000
000802000006040700029607180508000203070000050403000801034508910002070500000409000
000802000053000690040000020300040001000206000800010005030000070096000810000704000
000805000005000400032040680200010006006203500300070004063050240008000100000309000
000805000006427100070309080321000765090000010568000294010602070002794300000501000
000806000006702400040000070002503100580000067000000000300020008008104700060000020
000807000004000500070090020900060001008902400300040006020080070003000100000106000
000810060000500004005040107000002093000000000250700000107090200300001000040073000
000900002035000700020064050200000100070000500401500007000400070700020910080301000
000900070090000106300120000600000480007030600028000005000091003704000010050008000
000901000005070400070365090907020503018503640306080109030714060004050300000608000
000901008000080900000732060208000704014000650603000802040395000009040000300106000
000902500008005000500010280870000004004090300900000016087020603000800100002703000
000904200005028009070000000700310048000000000130042007000000030400680500001409000
000905020000030597030600000010000004300080005200000070000009040781060000020103000
000906100050024000200000709060000408100000007704000010508000001000260070002803000
000920000608000004040005000000010403050000020709040000000400030100000609000052000
000940000003600704000003060950030800001000600008020079030400000102007500000095000
000960800518300000000000000000000010300002950056000007200008100000000003903050620
001000000307054000695010000010000070700500820930060000000000382000806500000240760
001000000800030207765800000050100000000476000000005070000009634403060008000000100
001000209000056000000300070908000700030090020002000506020005000000820000704000300
001040030000000600054300002000010040900602007010080000300008490008000000060020500
001070000000020400000003189015200000400000003000007560637800000008050000000010600
001204500002050400640901032409000208070000040508000709150603084003040600004805300
001307500000000000200418003307802109009000600406509302600981005000000000008703400
001509030309010000020000008030000007007103500600000040500000070000020805090607400
002000000070018000006050908290000000083000540000000093705030600000740030000000100
002000038000090601030800007000675010000000000050214000100006070506040000920000100
002000095090700008100030060900078000007000100000460007060010009500002030320000500
002000100038901750000050000050000070000803000040000090000010000087504930006000200
002000100081030740490000035000702000010000050000801000120000098069040520005000300
002000850700000300000032009000001090206904108040700000500260000004000001068000200
002000900000764000700000003020000080010605040600403005000000000071040830060807020
002007400900000605000000018200109040000020000040308006870000000309000001001800500
002030010005800002070000900009025080000080000010760300001000060600004100030050200
002050300400978002000000000070000010000349000030000060000000000800214007005030100
002061030097400000300008000006100000100050002000004900000800003000009850080670400
002601700093508620400000008040000030000309000000050000620000097009107400010000080
002700000900000700450800030080030007010040020500010040040006081003000006000009400
002800007007009080080600040500000900000010000003000008090004070020300100600001500
003000000040001007000705860030007200006080300005600040027408000800200090000000500
003000007410020000000009380000530040000000000060097000029400000000010025700000100
003000400000257000500408007067801250080000040052306970900603004000715000006000500
003000400004705800900000007000000000000020000290080053030271090500604008010000020
003007000040060002008100300980000400000050000007000019001003700500090040000500800
003060007087002060960003000000700450700000008028004000000100029070900630100030800
003105900000000000706040508800050009004809600900010007301090406000000000009407100
003500000740000200000103090090000000500080007000000010080907000005000026000006300
003500640100002000004000703002900008000807000900004200205000300000200004036009100
003607800000304000200000006820040071000201000910070034100000008000405000002908100
003790000010000000900800020042100000680000014000002580030004001000000040000063700
004000000020008003080670012061700005400000006200006130340027080500400070000000300
004000000920030800005107000200700905300000002408009006000605400002040069000000300
004000070200001006800000091000090000001423800000080000350000008900700003060000500
004010000070009000106008000400700095020000040890005007000600508000200070000030100
004010008092006000000074020006003005200000004700400300010580000000100950900040800
004028100083000000000500006001700030700030008030006500200004000000000650006970200
004060000060910002000400007076000908000000000408000250500003000800092030000080100
004060200000302000800901004038000740400000009065000130500209007000107000007050800
004068000009500000520001000030400609100000004806003050000800023000005700000170400
004070000380009000075400002621007000000000000000100659500008960000600047000030500
004109800080060050000308000407906102003507900000000000100000006062000340008000700
004300001000500000007008206013000904000080000806000120701900600000005000900002300
004300020050000004000085900001009002900010007300800600007940000800000060030006100
005000000930000280008040001000800006800106005200009000600050300019000067000000400
005000020200100003300200008000900700004000800006005000800007006900004005010000300
005000020800004000090503006000600980030000040029001000400206030000100005080000200
005000100000582000200000005060030040700159003020040070900000008000893000001000700
005000800000014007000000016950060000008000900000020043420000000300280000001000200
005002190001080005060000000900600000058000910000003007000000070400010200037900500
005003049000006700800500300009028006000740000380600004052000010600000900700802000
005006000000830200300450070021000009038000720500000410090025007006049000000300100
005008004000200300080700200070004500040090010006100030001002070009003000600500800
005009007010056000000400200403800000090000060000003502002004000000730080900600700
005009280400007000000080030007004905000000000609200700010030000000500002074100600
005010000040000002026000740001300090800000006030005400082000610400000050000080900
005072018079050000000060050023000001000400000001000030090000502087000060012007089
005080000008100060000063400000600009400050007800002000002890000010007900000020500
005093007009704200000002300002000005304000706600000800003800000008409500500210400
005100000300079400000000063000080702000000000409060000280000000007210005000008100
005109400700050001000308000040615090009702800000000000100000006830000029050020070
005400002920000000000050083007100090006080100090004200760030000000000016300006700
005490300034001000000030002080000000100802004000000050600050000000600710009013800
005708900038109460940000058670000024000000000850000013410000086083402790006301200
005903700048602390390000041480000036000000000560000072210000087059407120003801400
005907800080203090200801004423000981000000000518000746900608007070402050002705400
005960000740020003030001000008000097000000000210000800000600070600090018000012300
006000100074502830000000000300090004200701005700080001000000000023408560009000400
006000500013050420490000083000789000060104050000536000180000045034090270007000800
006000590100040008080901000007004009020060050300500400000807020800090005013000900
006007010400000005005900020000020800060000050001090000090003500800000007020800400
006008003001000050080091000600000020070040080020000007000820040060000500500100900
006095020020800006500063000010000607307000204604000090000380002700004080040970100
006104900000307000000060000403000108910080023002000600700000009008070500040902080
006470902000000000405800000000000720040060000000237006090020000000000283300001050
006700030200100080900006400080000004000203000500000010004600007050008009030002100
007000100002814700810703026036000510070000090091000840160907058005126300004000900
007000300010000020600050007005400080048201650090005700300020001050000030004000900
007002003000700806000400000000500021090060080730008000000009000503004000200800100
007004000000300070600007480020005800009040500003200060074900002090002000000700100
007008541030700090000000000006012004003000100400870200000000000050009080289500300
007015000006000100050009030509300207000000008020001000600003042040900600008007000
007020006600010009008005040040002090000030000090800020060200300500080002300070600
007090050002007000508001400600000030000000000010000008001800702000300500090040300
007106000080002000109480500502000073008000100640000908005014309000200040000603200
007200000068000030230100700400000000850040000302000908000700064000050120000321500
007206100000709000200385004625000491003000800478000623800173005000908000001402300
007300000002000500300060290010700002200040001800005060025090004003000100000003700
007300020200079610003000000800904000010020040000605008000000700036480001020006400
007400050000060008000700001009600005006105300800003600600009000300020000010006700
007402008000090570000000100105030000060000020000070604008000000031050000600103700
007403900000070000300198004106000308029000610708000509800735002000010000003602800
007406900000000000901308507203901704000000000706502803302605108000000000004809600
007500000600090700400600900500200000003070100000004008009001002001030006000008400
007600000010009004958000003001300070000070000060008900500000841100200050000004300
007600000050002070000008901091000003000040000700000650806200700020800030000009400
007600000906000000850003000080240100504008000000009004000030085700004600090010420
008000000610700905000005200305020000800060009000040801006400000204009087000000500
008000400060000090700040005040070020900106008030090060300020004090000050005000600
008000600000806000500204001070408030060000020009000500000000000020603070650701048
008000650010086000400500000200600003080020070300005009000001004000970020049000300
008000900054070180700000005040010020001207600020060090100000006036020710002000400
008005010004073008200860400000000064030000570059000800000700095060320000000000200
008012000016000000450006000080004500070000020003900060000300042000000190000180700
008015009100300800000000400004020000050934070000070300007000000001008002400290600
008020306002090070300100080000009050005000600020600000050001003010070500607040800
008030009070002400000008050803000000400109005000000104030900000004700020600050700
008030900030800570000400001200005000006000200000700008400006000097001080003040100
008090000070004000020006087500000310007040500031000009340600050000500040000030100
008090700004207800510806023069000450700000002082000390240608039005903600006050200
008109700000070000900584006401000509035000160609000803500843001000010000004705600
008205700070000090300789001901000305003000400704000106400976008080000010009801500
008300049390200005100060000001000000000437000000000700000050003400006018960003200
008491600000302000100080002350000068804000709960000014600050003000603000003879100
008500610000008003500010400000805060000000000070602000003040009100700000042003700
008600040450002060000000308020508009000010000600307010102000500030400086070009100
008603500007000900690508024105000407000000000204000106850207043002000700006904200
009000004001007000020504010000000129000080000945000000060201050000800700300000600
009001000000000306000070042400050200010090070003040008940060000307000000000200500
009004060360000000400260010070032000900000006000150040020041008000000051090700400
009050001070008000020000730050300200000040000008009070064000050000600020300010800
009050080060000901200009400000302010020000050010507000002900008308000070070030200
009050081000700020600100040000400208000000000501009000060002003050006000180070900
009080100630050000004200030000000080862000574040000000070009200000030016001060300
009080400030509010000010000200000009000643000800000007000090000060104050001070800
009405002003021400000000000010008320000090000078500060000000000005340800400206500
009570000200000400050200000140005006080030040900600075000001060001000003000059800
009600105020005000000000870010040390000060000036020040058000000000900050703001200
009870000000040007070010025000400200007000531500200000013000000000000090904006300
010000000400860000000000281700020800005080300004070005276000000000094006000000050
010000005000007009600900400020010900500804003003070060004002008300500000100000030
010000030039702180000000000200070001000406000500020009000000000081903240070000090
010000060009000500520000013400701002080030050100504009600000005000070000007205800
010000070903000506085000340000967000000208000000351000094000150201000907070000030
010000620500020009000700405004203000080070030000408900107009000300010008058000090
010000900003840000500010027000001006000764000900300000380050002000072100009000050
010007000003000062000000009001500008038700050006032000000600085000040000002009006
010040030000507000000301000004000100605010907080000020002495800106080405000000000
010050000000003804208706000700000030004090500020000001000608905601400000000070060
010090000600507000302400000039000000705020301000000850000003207000109005000080040
010090002000001008060002010800600050300000007020007009070500040500400000600010030
010090070600500030000000904003060090005000100080040300106000000030002008040070050
010300000090070000205000001040500020800060004060007080400000503000080090000002040
010703090300928005000000000190040078070209040540070026000000000600482009020306050
010738040300204007000000000070000050000000000290010038604000209820906014000000000
010760030209000007000000000600170000070006008004005009040300010005080003000007040
010800290230000005006050004300040000008207300000090007900020700100000052027005010
014000007600053004000000090000075040009000500070820000060000000100680002700000610
016000980800914003000080000003050800500000002907108605030000070000000000605000401
017000000004030070090405001000000690035060004000800500780600000000300907002040000
018003020700060090605000700000405300000000000001208000004000903090020004070100280
018072000703000090020090000005000004070601030200000900000050070040000309000280460
020000403009000050600200080800100000003070200000006009010009005060000700504000030
020003000001006070039400000008000004000675000500000600000001830090200700000500090
020006003000000080050940060503001700000070000002800504030025070090000000600300010
020080000005000037100409000000005040900000002060800000000907008430000500000020060
020090000605010008004006700300000060010020030080000005001800400700050201000070090
020090040009507030006020100900000060000201000050000001008050700090703500040080020
020100040000364100009000000001000084800070005290000300000000500003715000080002070
020300000001000800700000049000580120000030000054019000410000005008000400000002030
020500000000000103700040028040039200000010000009280030190050004305000000000006070
020500004040210300370064000598000000030000010000000435000720061007095040200006090
020600500700010040100008060800006090000080000010900007080200009050090008004005020
020900080050000001000008300900040700000892000003060004007600000800000050060004020
020904070734000982090782060609000408005000600203000701010625040458000216060408090
021000380750201094800000005010506070000000000090703020600000008240809063089000740
023060508004000003000000070010480000200010007000035060080000000400000700605020390
025000730107000906630000018000128000000705000000693000460000092502000103081000670
026000000500890000009000004000700015015040620830006000400000900000082001000000570
028000000000002010510070008006500023000903000350007600400090035070100000000000460
028130000100049000600500000209000030780000049060000705000002004000950001000081390
029310000087020000000007800000000510870000043093000000004500000000060290000081450
030000400800007010007830209020090006000070000900020030208046100040500002006000040
030000500005030020001800004090308000006000200000907010500001600080070900003000040
030004008120080000000700900000500700090060030008001000006003000000090016500800020
030007050000001400905000006700200000809000203000006004400000807008600000090300010
030008000001000700500024060000030408060000050203090000070240006005000200000100030
030008000200009600085600090000007409000010000407200000040006380003700002000800010
030009600080500071100006900807000040000020000020000807008400103310005060002300090
030050060000000004020804090002970001000102000100083700080507030200000000040010050
030060000502100000109030008050006000400070002000400090800010507000007801000040030
030104090400070001001209400905000803020000060603000205004506300500040002070908050
030204090100000007009701200907000105000000000502000409008105700400000008070803040
030800000004036000710400003040000200000705000009000010100003074000620800000008020
030807010200509006000010000850000061003000800690000024000040000300906002080102070
030908054080300000500007060000000702000509000301000000070800001000003090260105070
031000650400501008700409003053000720000000000029000430300905002500206007098000560
034910080100400000090700000003000009007000400500000800000005020000001003050042610
039000000010000580500702000007205000800000006000301200000809004075000020000000690
039500400000006000006030100900005080700801009080600002002070300000200000001004820
040000008021007000000200030002604300000010000004802700050001000000500960700000080
040000030200700600000900107082000000001203400000000760803004000009001006060000050
040000080800702009001000600009080700060000040005040300006000200900401005080000090
040000120030005070000060300010709002000000000700208030001030000070400090086000050
040003500700008001000100900930000600000716000002000058004001000200900006006500020
040005081006030900000004000010000006700209008400000050000300000008010700590700030
040006027009500006000000900203600005000010000800003401008000000900007800360400070
040010800600000002000863000025004000700000005000600910000976000500000001007030040
040035000309200000750006000004000020001070900030000100000600072000001309000590040
040050006900006700000000200600900000090603040000001008007000000009400002500020080
040081607009000000000007000600300801000050000000609000105200008837000004000030100
040083900902400000010000400070006000200000003000300080004000010000009706001520030
040100900709005000080000400038601000000000000000507210002000070000300109001008050
040300000906000070300028000008500000700040005000003700000860001020000407000005090
040600700000702005006000090509800020000000000010003904060000100400305000003009080
040700000870300900300000001012900500000050000009007810100000002007002035000005060
040970100000000030060005004006049700090018002700000008015003000008050409000600000
041007000008020000020300700000009008500060004400500000003001020000050900000700310
041500007000000200002000046004108005000090000200305600310000400009000000600004390
043000006000710040000006900000800502005000600701002000004100000030095000600000320
043020000000000096000070500900300260000000000021008007002030000870000000000050410
046000050700800100000090800400300000008105300000004002002060000004003001050000690
046500000800000300000004010300710400000040000005023008070100000002000005000007980
047050000208040000610900800002400000590000032000003900009001087000070305000080210
048000002000800050092007000009500030700040008080006100000700410060001000200000390
050000004300020000000009527000160002004000100800047000563200000000070008100000030
050000040106000208040237060004605300002000400001709600030172090807000504010000020
050000070082703690000108000900000005005040800200000009000901000097304250040000060
050000310000086000000007042010060080200030004040090070970800000000610000084000020
050061700007000000900800320003000600000409000002000500065008007000000200009740080
050083000104905000070600000028000035700000006910000780000002060000509203000860040
050090000004010002003007010602070000080000030000040508090100600800030900000050080
050206010306000902020000060200481006000307000800695007080000070902000104060509020
050230004000600100607009500300000000090403050000000009009500401005006000700014020
050402000080030600720005000600090000100703008000040001000300017009020040000804030
050670300003000400900000820000050070000206000010090000064000003008000900005013060
050800600200000051000400090010500000003901800000004030020006000390000002001008070
050809030300000006006501200104000302000000000709000605003106900200000004010407060
051000480300109006700608001035000260000000000024000570200801005500204007086000130
052000430800000007430050012000307000008000300000109000720090086500000003061000720
054001000700000405000070020090300002000189000100002070010020000406000008000800390
054039000003750800000600000100000030900080004020000005000008000007096400000420960
054090010080006000000402900309005000000000000000300802005103000000600080010050470
054700820000000004000200009300010608000500000000000000000000000603095700897430000
056003010300040608400090070000100005082000340500004000060020007709010006030900480
056070020008003000420000003000092700700000009009340000500000091000100600030080450
058700000000004000310020080530009100000060000001500069070040015000600000000003420
059107360100809005700040001570000019006000200210000076300070004800203007097408130
060000001050030000200516034048300000900005020000890000003000002000000000170050960
060000004050090001001008200400700000000903000000002006009500800800020030300000020
060000009000090003001400080005008200004537900007600500050003800700060000100000040
060000010700000008001602300002070900000926000005040600007403500100000004080000030
060003070009000008740020069000090003000681000100050000280030096400000500070100080
060003405000200160000090003000300000200040008000008000300070000058004000904600010
060004000500207001000500280000000002008651900100000000054008000300106007000400090
060080790100000005030009000000050400240000068003090000000700050600000002028010030
060093000100007000900068100094000500500000001002000830007340008000600005000780020
060103090120050083000208000804000109010000070706000304000605000970030062040709030
060309070708000903010000050600128005000704000200593001020000030503000809040905060
060590004300008700000000200050900070906000103080002090001000000005800007800035010
060700000040200000150000900200400008080050030700009004008000079000001080000004060
060801090000000000800427006005000200280305067004000100500796003000000000070108020
060803090050070020000105000300201009190000073004000100007514900500000007900000006
061000800000906001200080000009000670000050000032000400000090007600701000008000320
063000850200407003700538004071000930002000400048000560800152009900706005057000280
063020000907030050510600000006007000270000061000900500000003085080010407000080610
064200000070008000002000071000072900500000003008960000940000200000700030000004680
065000703400200005900040000002007030000050000030900100000080006600004001301000270
068000000400701000201050000090004007320000041100900050000090205000607009000000870
069200400000004038100000900006003000021000790000700600002000005910800000003002840
069300000000108005805000400240000000000070000000000037003000206600901000000004190
070000000000180000010006402020305000580040036000608090907500080000079000000000040
070000000108000009020040060000701008010000090600905000050020040900000107000000030
070000010800031005002900000038006070040000030000000800950008100004027009003000060
070000030102803506030564070097000410005000700084000320050329040401607903060000080
070000030900030002000609000006507100080020060009308400000405000800070001020000090
070000080300402006000807000082060130000304000039070850000609000200108003090000040
070000800000160000001028009080640900007002180000003060005030400010006008400000000
070003005000500002005080300310005040000060000040100093002040700800001000900200080
070004500080001460050000009600000000000895000000000002700000030092100040001700080
070006021000003890090480000000100600800000002007002000000075010083600000740300060
070006080800050200000020004003004900040105030005700600100070000006010007050900020
070006300300950200000000000000040106900000005708020000000000000001065008005800040
070009120005040000000020080090800007003000900400002060030060000000050300049100050
070036500500040007900800030400000000806000105000000009090003008700060004002190050
070062000008109000006080000013020076004008503060000080000096740600703002050000000
070100040006005208040000010000060700000539000009020000050000020408600100060003070
070153000090070300200000000030000074008090500160000090000000005004030080000847010
070300005009000070000790000060004009037000140200800050000061000050000600100002030
070305010004102500080000070800000005100408007600000009060000050005603400030801090
070320000500001600000090100038000005100000092020000000005600807000709000000010000
070500200100400000026090070003000690700000005089000400030040910000003006001009080
070604500400230000000080009960000003023000950700000018500060000000021005007503080
071540000504801600000000500000067000008000960000000000100000320005230008400009000
073900800000006510060000000000605009040000020300809000000000040017300000008007250
074800000000907020100000009030000504000000000405000090700000001060408000000005930
075000008000002040100360000908050000000000000000070509000043007090600000600000120
075038000000006003000500000402010070900000006010070309000004000500200000000380190
076000004000270008300001000000400090803000507060002000000100009600035000400000850
076009020400060090000240001003000004000050000100000500200086000050090008040300970
078000290000501000090000000000002960800070003053900000000000050000806000081000740
080000001000000000009305020010670003000002000070500240004000936000000000800906750
080000009000086700370005000003000900050703040002000800000400091009250000600000050
080030407000400005000701000000060901040000020507020000000205000300008000102070060
080034005000500260700100000004000003090060010600000900000002008053009000800750040
080050060000641000006080500010000040900000008040030070500000002002000300007402800
080070600000009050450000907000800020000240001002031000700600000500000804096000100
080490000300000000024560010007000960000000000031000200090071350000000007000032080
080500100000700056000020004000000001400301008700000000600040000150009000003006070
080540007020900008000000300500020040000080000060050001007000000100006050900018020
080600090000000050400093007100060003002000100300010004200170005090000000050002070
080600904350040000000500020802000010000090000070000806020004000000070031908005060
080609000000013065002000900020900003070000010300002070005000600160490000000706090
080900005005000040470001030000082006700000002600370000030200054090000100500006080
081000950000003000270400000026100000007805300000006140000004017000500000064000230
081030000020900000705000008000006120800000004034200000300000605000001090000050470
082009000000000160010060003001702800000000000005804200100070040097000000000500370
084000300100040000000700080947503000000000000000901547060009000000020004005000710
087640500006000004000900000000001906020000070403500000000005000100000700004098320
089040000006500000020006007250060010000000000070020048100400020000009800000080150
089501340003000800040060010908000705030207060000000000590030071000000000302000904
090000000002500307008602004671000000000000000000000832300908500105004600000000040
090000005103800000000002960060700000400030009000004080081200000000005207900000030
090000010700408003004090200040809020009000800020106040001060300500203001030000060
090000036000004520007800000000503210000020000028406000000005300089700000640000070
090000060700000001015402790000000000002839100000501000006050400030000070504010902
090000070200598006000304000027000460060000090031000280000209000800643009010000040
090000080806105702000090000900000008000512000300000006000050000708906204020000030
090000180200900000007800402850100000040000030000008016402009700000003001075000020
090000260000030910600000005750001000002090400000700032300000004014080000067000020
090001200700030800000005610003006000060000050000300400058700000007090001002800070
090002035000000001300089600020000170500000002086000050004190003100000000270500010
090004001070000500020030008400700090000203000080001003200040010005000080100600070
090007001000040300063000000704000000050604090000000208000000850002090000100500070
090008001006000470070000009320400000000050000000002086200000040035000600800900010
090010008006000001005007400002104003800070006300605700007200100200000600500030020
090010800000302000040500700108000029000000000530000406007008030000601000001030050
090018700020007000800020600008000000006739500000000300001060004000400010003870050
090060005000031000078400060800004203000000000401600009010006540000240000600090080
090062000850040007000300000002000160000050000041000900000004000400070032000620080
090070000000104009005000708200015300000000000007960001406000900100406000000020080
090200000000003640700160300200000034000080000910000005004035007067800000000007020
090302080100000004000100020002090006600050007500080300060007000900000008050904010
090403080210070053000201000901000308070000020402000601000607000780090036060508010
090508060600124009000607000364000798020000010819000532000801000400362001030409020
090508700001000000300100060010300000208000904000009070070004008000000200005201040
090700000600050030000200010008400007001000500400006300050009000020010006000008020
090700305000008004000051090802040000300000007000080106070560000900800000203009060
090800000600010900307005000005000004001060800700000200000300507002080003000009010
090806010400109005000050000150000042009000300840000079000020000500901003080405060
091050007400003098000000400000006800050070040002900000009000000370800002600090180
092503640605409108410000053270000069000000000180000034740000092308907405051204370
094070205300450070000001004010000400000000086809700020000600002400005008680900040
100000200200450900000100004390004000005070300000800062500006000008047001007000003
100000308003400209005002000002058003000000000500720100000500900301007400406000001
100002450000070000070100020400036500006000300008240006090003080000050000061900005
100003004000080090070006080002040003009000700300010200060800050050090000400500007
100003005900047000060000300210800000500000001000001043001000020000920006800100007
100040000400009003000006058000001800030070060004200000850600000700900001000020006
100050040050890000093600000001000004607000508200000600000006430000084070010070002
100060000000800670000020090840107000007000305000006040600040000780002000021008004
100090000003000800060200009005108006800000200000300018070030504000007021009504780
100290080005001020000000003406900000750000014000004608300000000040600700070043002
100893020034000000020000000001004003006050800400100700000000070000000560090562008
103000000900050001008170000305000060040000090060000407000084500700090002000000306
103090060980500000000004000472000000000000000000000513000700000000002037040030908
107000300900001050050080700000039000078000690000640000003020040010500006002000905
108000000004053200090607000006000085040000090850000700000508030003720400000000807
108000705030602010000000000007080900300000007009020600000000000090104080405000206
109080507070050020052000860500020009034000210000104000003708100000000000000293000
150008490007000600000050000021004006000060000300200750000070000004000900079400012
150030000000000514000700000003000900070602050006000100000004000498000000000090062
150900000000600003702000800009200000080060050000003700001000206300004000000006085
165070000000400000094006000800020060002809500040060001000900470000007000000080913
180000020004900000002001006040610803000700000050300000007030900000090608000000001
200000000000086004036000010040007601009000500103200080080000140700140000000000005
200000000007083000000400650040109005003000900100704060051007000000920400000000006
200000850000010009003406000400000001000701000500000006000602300900070000084000007
200005380000000020460070000009001070000060000020800500000030091080000000093100002
200005900000601000007030020050000009160000035900000040090060100000804000008200007
200009041501300000000000730800090050000273000060040002012000900000002408680900003
200030400043790000000800000860000590002000700057000034000009000000045920005060001
200030700680002030000009005300400600000000000004005001500800000010600072002070008
200050000000900300090200080004600009003000500700002400060004050001003000000070004
200051000006003002740900000063000080000000000080000150000005021400800900000170004
200407001007308900060205070436000789000000000985000142050103090001902600300604008
200501400054090000079000000006007000040802030000300600000000210000080360007605004
200708400500010000087000001900005040003000800070600002700000530000080009002109004
200800009030090800000300040500200100003000500007004006060007000008050090400001007
201000507000207000000605000800040003600080001019000840706000302030000060190000084
203016007009000060040050000000100870002000300094007000000060050060000400400570603
203409501004000300960000084700030005000102000300050002470000023001000900509708106
204006900000400000807010000009005006030080040400700100000030708000002000006900201
205000000400025000370049000000000940030000860840100000100000008000530100004800673
205804000000000090800020700002010060000605000060030100007080005030000000000306409
209001000000708000005400160850000200040000070002000058063005700000907000000100405
230000000000070800049000000700030002002801700900040001000000510005090000000000048
230405000000070096008000000000004020070821050080600000000000700150040000000309014
240003000005000000100570900000009042004000500370800000008012006000000800000600017
260040058450000027007000100000305000500060003000801000002000700740000086180070042
280000000000100500009080000001007900008600040000009027300000000000004000014720009
290300710047000000000060200000005008051000360700900000004010000000000840038004091
300000005000080000016302008070020009004000200800040030700204560000010000900000007
300000005805207604000050000080010060050000090020070040000040000104503907700000002
300000040001200060700006002030060000040103070000040020600500008090007400010000009
300010005002864300000503000408000503700000008906000204000102000003645700600090002
300020007018000540000000000900601008007050300500402001000000000096000410700060005
300085000020004506000600400600070005080000090100020004001006000208300060000890007
300160040700400000008070100820000900000050000009000062007030500000007006030096007
300200809080000007095080000000901320000000000023705000000070910400000060502009003
300500009001006000009010270070000004003080600100000080038050700000600900700004003
302000010006100200000000090008250000090000070000034600040000000007001500020000403
305020000000040107000000900102503700067000001000002000000000000020807040006200008
305060702000903000800701003028000150100000008056000430500609007000402000207030804
306000000708600030000305400804001000000000000000700903001904000020008304000000705
308000000029004000100000050200069800000000005000038960000000000000007031045003280
308000002000067500040108000000000040105000706080000000000705090003680000600000801
308000040000000080000013002000600470062040530074005000600570000010000000080000609
308000102000030000050000090040070080081000740500408006800765009005000600070000020
310000400070401000002009008000700000180020047000006000200900500000607080005000093
340002809500090700000000050708203000000000000000806203060000000001080004805100026
350009000702130000080500000098010004010607020200090610000001040000063501000700062
350200800020007300140000092800000050000900000900030006000000000000000439000406107
360000400084300500000010030200000800000426000009000007020070000008009750005000081
380900000600000100000304002040000030008507600090000010500102000007000001000009025
390080026700204003000000000060040070900605004050020060000000000600509002120070039
400000000000003240328001060000009420000500000709060000580100300007000100001700502
400000003508000407020000010030805040000030000040709060060000090901000802700000004
400000060001052009050000204000081600070000090008930000309000070500370900040000002
400000100070010020009400005000000000003520090001000067300006000010270030590000600
400000510000005700000180002609003008000208000800900304700031000008500000034000006
400005020000708300300000400000800095000000000610004000009000007006302000050400008
400007050020000900908005407000501006000000000200708000302600805004000030050800001
400010076000300000005008090000600000610050087000002000030700600000003000850090001
400080000000003040019020007500000603040090020701000004300050960050800000000030008
400160800000000000320005007080050010000702000090080030700500062000000000005029004
400200080500090000000700430000800009006000100300005000048002000000010007090007006
400208007008000100010596040305000708004000200601000504070325090009000300100709005
400500003070030000002700900006400035000000000180005600004006100000020070900008006
400700002000030000002005106056470000300010009000060000600000310500020004080000900
400800690007002500000300040001007900070000060009600200080005000005700100016004008
406070000050400100008006400000008094000000000390100000005900300001007020000020706
407002900180090000030400000000700065500000001870005000000009020000060059005100407
407090002000000000060104080080000700702030106004000090090205060000000000500060901
408070000050380000603005100000007800020000090005800000001900506000068020000030904
410009060090040008006010000300007006007100450002680000000360700500000091020001003
430000100700001000000070084090304000500060009000905060840090000000600007006000015
430000900000203080002070000120006800000050000004800096000020600010305000008000079
450000091702809605090205070014000350000000000089000460020407010805103706670000034
450100000609040001010009070004080000806000207000090600060800020200060708000003065
460000080000070090001205006200000000057000410000000008500803100090060000020000065
460301002000000600080042000030000000090080010000000040000160070005000000600204039
470000800000010006000802000700009300900050004001700005000308000500090000006000027
480000050000480600060200000001600009200000003500004100000009080004032000090000034
490000000030070000007004805000205400001000200003807000502300900000060080000000026
490030021000496000000000000030000060000507000050020040605000804048000750300000002
500000000100005060702400800309004000010070050000200908005002304040800002000000007
500000010072000000000094006000009460040000070038100000100520000000000320020000007
500007040020000008009003100000004032006070800890300000007500600600000010010900005
500010090002830060000005002006000700030060040008000900100300000090054100040020009
500030000079004000082609000008000290700000006013000800000306580000100620000070004
500034070000700000060000180006400009070000020100007600051000030000006000020590004
500070100003000090020008600050030876000000000876040020005400030040000500009050001
500080030002016000000005710000000901065000420408000000079400000000820300050060004
500108000010002500004005060240000856007000000806000007090410200002007010000203004
500200007000007300007060059080090014000106000190080030820070500006300000900004001
500200910002006045000080000630002000000070000000800023000040000180500700076008001
500310006090000200020000008000030400030090070005080000600000010007000060100026007
500470010100000300200000090000340800700000006008012000050000009002000007070085004
500600000200008040090040000000500204001000800903007000000090060030200007000006003
500600000962000005000002040005040009080010070400080300070900000100000794000003008
500601008000090000006702400205000703030000020907000601002407300000060000800305006
500700000003600700700000096320060000010040030000090058950000004008002100000006005
500820900000500600007000000030000004908010207600000090000000300002001000004095002
506010200700000300008000040020900000800000005000004070090000400001000008003050901
510000000006073000092400008000000000000040200000000157009800006020301400000900070
510000000006700400420036000000004902070000080605900000000610098001007200000000051
510000000600008000009240000001000068063070920940000300000034100000600002000000087
520009000790004200000007005051000003000060000200000950800100000002300076000400039
520060040000005608006000050075009030600070009800000000090006700008004001000120004
540000091203000405100000007408000502005060300000070000800000004050108020000602000
580006009040000021000700600300208400000070000004503006003007100450000080700300094
590403061600205008008000300460000019000000000170000034006000700700902003320108056
600000700000400930094010000000001040100205003080900000000080370015003000006000002
600002010081000200030001800000700900018000450003005000002600070009000380070400009
600003000003009460000240003400000000001000800000690700057800004020000080009000057
600009000017062500000007040500000020800006300006708000008000709003000012001000000
600084000008500049000010002030000410500000008092000050900070000260003700000240003
600200000035080902000700000004500000090030010000009200000005000308040570000006001
600321000090040000080000000009000000060000073307000162000000010000400005000706324
600400000050076001093000007300060000002507800000030002800000310100650040000009006
600500890000000000029040030400300000200080005000009001080090210000000000076003004
600700500500004000070800003028000000003609800000000430900006020000100007005002001
603000008000700003001020000400008005060905010500200007000030500200006000100000409
605020900000090054000000010270300000009080400000009076050000000810050000004030507
610000007050037000004001000003009005002060800800200400000100700000490080400000029
614090000080250000900000000040300000090400031006018040500100007000087053009000204
620004001100500000005030040000005070200080006080600000030090400000008002800400097
630050000900001006000006001068000020000030000020000940700100000400900008000070054
630900000007000000150607800504280900000000000006074102005702041000000200000005039
640000000300800050000009010030200007002508100400003020080700000090005004000000076
640000002050009100090030000200097005060000010800240007000070040006800020400000051
652070900009000000000005020020010040890000076030050080040700000000000700007090452
680000010000007000004300070000040800900702004002090000030004900000200000060000051
680401035400805001000020000360000087007000200120000093000010000200608009540709062
690200000003000070080610000564000001800000000100405080000000008046009700000032050
690400000000000003007000280000048006000351000800670000025000700900000000000009014
690500003080003045000000100060802007000050000100304080008000300940700060500008094
700000001109406208000000000006070300000203000005040700000000000402601903900000004
700000003080400020000072800008607090004090600010805300001750900060003010300000005
700000008420503076000000000007302900000010000006705800000000000380407025200000003
700000084001570902005000000000400800090060010003007000000000700106093200520000003
700000502008600070040900000970000010004309200020000096000001040090008100407000003
700003052000100004000500700008000007076030000300400910040082000801040000090300006
700008060010000000000005908007086040030000020050430600503800000000000070060100002
700009100200860007000002300050900000001050800000008090007600000500074003002300006
700060800020003005003100090000010904080000020506030000090005600400600070001080009
700080003013405890000000000090000020001704900060000010000000000029106780800020004
700105002400080005050000080000040000849000261002908500001824900600000003000000000
700200036002000100400001000000007005034000970200800000000700003009000500860002009
700208006040060090000907000200000004030070020014020530008000100620000043400000005
700300040002810600000000050000000074008060900370000000050000000009026300010008002
700304005600000004020000070003908100000040000080000060000809000005000300001607800
700400003000008600010005900042903007000040000800702490004600780005800000100004002
700400230000080004040002080490300000000010000000005069030100070500020000069008005
700800006241090000000100000920000700080070060004000023000005000000020479400001008
702100000060800070000000058000062005004000300100480000340000000010007020000008607
703000002051000300000060071006005098000000000980100600340090000009000280100000709
703000005000000600000340080009007000810000042000800900060012000005000000400000201
703500000200030400000009008072004006000060000100700590600200000005090004000006301
704000006010060000000400100000050870050208090089010000006005000000080020900000704
705400000014800020000003006000000092000010000450000000100700000090005260000008309
706400000900200000030900700004000600580000034002000100009006080000001006000009402
709000306004000200000206000800000003070000010206000704040872060000040000500000008
710000025600000004003050900000507000006000100000408000005080200400000008320000076
710004080000300250000000006800100600000030000007009001600000000052008000080400097
780000040000000900060050701200900000001070300000005007804020030005000000090000068
790000000003100000521400000052800000006907400000005630000008913000009500000000076
800000030200007600700540021006019000000000000000750300930061002001900005080000003
800000051905200000004005000001500060000798000050003400000800300000009607670000002
800001200740000100020068035000002307060540800000830000500000000000090520002000094
800002000004300000003040050010920040005010600080036070090080100000009800000600002
800003001000200009590100070000500680000000000041002000060005023200007000900600005
800006007906000200310000680008012003620054000009000000000405010000070300000060749
800020003000005200004003060000004810400000005039600000040100600002700000700080001
800032050600008000023400000070000006008020100900000070000005760000100005040670002
800043000500008000090010050008000300402000509007000200080020010000400007000630005
800100000009700820500000070010600005000502000400001080090000008067003500000009003
800905007005000100370168059000804000000509000050020070700402006030000010060000020
801000000006540007540006000000068005080905020600470000000600034700054200000000901
802000001003009060000007504000080000104020709000070000308600000090700300400000602
804000071190000040000009000009007008030090010200500300000200000060000035570000206
807002010000049008060500200000000051203100060000070400600020005000000300704050006
809130007070900000003020000025000008100000009300000240000080100000009070400051603
830907052700040001000302000203000508040000060605000409000609000300020006580103094
850000100002094008000200000030001006007030500500600030000009000100820400009000087
860003000000000400200089007040002070002060300030800010400970005001000000000500096
870010035004070800060000020000000000000432000043060280700080001006703900000000000
890053000000620700020000005700000600000904000008000001200000050009018000000570046
890670000050800000300020004107000006080050010500000308400080009000001020000032041
900000000050300704000600098200001300070000020005800001810005000502008070000000002
900000003004069010008720000009000080710000096080000100000072400060590700300000008
900000080025100000004053000600080030100000007050070008000720900000004670090000003
900000400002000607080300900500106040000030000060408003005002070201000500004000009
900001000020003041000000005600300070001604800040007003700000000430800020000900006
900002004000400000700600910003800700600050002009006100081004003000005000300200001
900003000350910000200060090000450800020000060001026000070040001000085026000600008
900003600210605000000000058102004000080000070000100806430000000000306012001700004
900004708010023040000080000000000560400070003028000000000060000090240070105300006
900030008040500200000700450007008000030000040000900500012003000006001070800060001
900070000000000080000300547007490000500703006000026300145007000020000000000060008
900073000000000000070000193050430006007000900400015020241000070000000000000240009
900080000068007000072004600140000520000500003009410000000200370000005890000003002
900280060070040109000000800060800400000000000007001050005000000206090040090078001
900305001002000700080060050400070005006409300100050006090080030003000200200106009
900320000650000002000009800501070000009060200000050403003400000700000068000092004
900400000060000200800105000007000803000602000103000600000708001005000090000009004
900457006800010003000000000700000008040689030130000069000090000050000010001040500
900705006005000700020010050100409003009000400800507001040020060006000100200608004
900750060000000070000968000032100000000000000000429085041503008700000010090600000
900805200010702040600000000000000304020010090509000000000000003060907020007306005
901000205000600010007005040006910000000000000000053400040700300030008000709000602
901307000800000004030000010008002001004080500700600400090000070500000002000901306
903000104000000000480060073000132000009040800000978000750010062000000000102000705
903005000060010700200003094006000000700000002000000800380100005009070060000400201
907004000300000850010000003008400060006090700030007400200000010051000009000600208
920000000800004600001030009080700000050401070000008090700040100005300002000000035
930200000000107002005000608809000000060000090000000701102000400500608000000004075
930600000100004000007009030075000006002000400400000210060900300000800001000003059
950004000040200030001060000005002000062080940000400500000070200090001080000300076
987000000600900030000600700000809400200000003005706000002004000010005004000000618
004000009007890000081340000002000000000400670010670930020005463008100700000000000
000000700900071000008000030200007801005090002700004060006020000400800005081000000
003001000008920000514000000090000706080070002700000040000500018000008500000630209
000108000780905062400060008098000270120000093057000680800050006970802015000601000
000004908000000700050000040000380000064001000100050820300800015010005000009070400
000257000000300000200081400008900701605000904090103085800019000020500000009070300
000100306102009008050608000400000103010000020900000507030806000601007009000400705
000000090300102080089000000020709800630504000090203700058000000100407020000000030
000310059070409061000080000460000010701000603080000075000050000630102090850063000
204006700000230000560000000010970003045000870300045090000000026000068000007300408
750230800900000040000800502607900000500000004000005206406003000070000005005062091
170890000030000000000173000709001400002000900001600803000214000000000030000085029
000040057900010003000800000006951000040007036200006700070004000058060000000500020
709000305100000009004070200090724060000000000050136080008040700900000001502000406
007000600683000714010000050000000000270608041100090007000805000560703089004000500
000800450900007000508902300047000805000000000203000910009205106000400003016009000
090060010000000000780030046004000100910507034000010000000000000028000670175906483
070030205950000083000054000000207030201005000006480010800000050010506870560000000
230005000810060050005002000000709206020000030506103000000900800060080045000500069
170050069000000000000637000017090630600000001030801020069070210000000000805000706
680700000000060700000090368500000007000907140100000006000070985000030200840200000
035070002906030008008000000040906000020100045000000800100000060053010007000000050
300100500602005000000000034000500089160400000000000050007601000049000007000000002
000030500508012000007500000010200409700009005090600803003800000109025000000040700
400100067600090800010003000004030002030405090100070400000300010009010006280009004
000003500000080090009607000100020600090000105007008000046000720002000000000050940
100700000052069000730005000000007523400030006328500000000600038000350760000001002
080105020700000004040709050000827000000060000002904300000000000004010900150602087
007030400020000070450090023801000709000804000700000005600040008000000000009105600
870000400160040083045700000003210000900000600010006000000400032000590007008000000
800400070007010905450030080568003000700000450004000006000304020000002800000076104
000000000405000801026000470070000020000403000060871030002040900000906000680050043
500360009000090000009005003400000318670000040001000005000700000000930050308204006
002346900800000004000509000010000030000623000000050000004000600390000087005108200
000090000030105060060004100000083490000006003043000020910400000002900710007000000
370005000000000000080700000000000030050007601803000024706901005009002000000300940
050790020907020004100000600400500006082004000300200008700000900208030007040610080
000003709000790410000080000070010000093500001200000004850000307040000090900031200
050030070600104005003000400001985300508000706002070900016000540000000000000302000
100008023000070040005030600000000700041000006800001004007800050510000800600053007
050010000073000000006000300200509070900060800000100004010007540702000000040003010
000415000050000090001906300605040902300607004809050706004201800060000020000369000
000708300040000008080930050006120000057000910000089400060071090500000030008305000
000800027089405000000060000006000070800070562003000090000010000038207000000900054
006891000000000000300067090682000700010000082945000600400035020000000000009416000
100020006002000900670000054500000009000605000020304080200060005004000300000731000
000000000800030609009012004906800000000450700701200000002067005400080306000000000
000040005006008002709002040040000023000104000960000050030800904800700200200060000
000020000003406700056701920037000290800000007012000530074308610008205300000010000
910000056804000201000903000700806003009000700200709005000604000408000509170000024
030700002501800070089000000450060000000253000000010068000000930010009204900002050
004000900002090400890010067000203000000701000000040000006834700045000180020000030
000000000310040089400080003003204500100907002000060000030000090207601305009030600
000802000801000007345007000000900608006408070000500203159004000408000005000106000
037000000000900831800004000000620005169030000000480009500003000000700562092000000
610000045405000607000000000500609008067040130003070400070308060020090070006010800
500390400600000820040008500002040000000060007010007000004000390030010000090200100
100000008004000700069780230000010300006824500007050000048093170001000600200000009
001009078000010092000600100002400001650700020004092700100805007000030000009040000
040308000975400000082001000890003705000000000704500023000100590000005267000906080
060050020100000009009104600208090301001308500705010408003205700400000003070030010
065000008000000040300081000457600900008070100000005000001046005000003006000009200
000002065100000037000004000080040701200075000007000000716800000008006000302090050
600002030305009000010003000009008040051000680060900200000700050000500701090800006
000701340009050000501300700600000050013625470050000001005002107000040200032106000
040000080000500103000093006007000962508609000003000548000068005000100604050000010
000000600004170000750900020600080009005000086000003000310760000000090000070000205
809000000000700030700350000024000057000032900050000000106000800047610000000400000
900000008000060000060000040420000083001030600670104029080342090100807006040000050
007900000000000003304060010800040620003290004000006000000500209006700030030020805
000231000006000900040607050704000501300000004908000207020806070001000400000425000
000604009890070400400020710000350001000018230000006007030000000904000050060000920
002060001900008030060190000400700050020000403030004900203000009070980300004006010
006078010000500000048000350000387001003060200400020000500000000007040003601000008
520609034609000102040020050050000010070000080012080360000564000007308500000000000
000034008070692100000000090080200054450070021620003080040000000009427010500980000
000800207010000004804000901420705000000030000980201000107000506050000002000400803
800060900600002000000030507070000050023050801069000000000370000000496000000000036
006050009000004020300000400900060070800579002000080000201000004080000000007092800
009008000010560000530000001000600070703000608080002000300000065000091040000300100
610000080005000007070300900803100000700000000060407200002003050300500809090028004
901000308078090140300000009000728000060000080000346000600000001023010690805000407
000000000005407800030821050016080340003692100079030560090246010002908600000000000
600000012009070006005009000003200600000000050790008000008001720320400000040800005
002030900000409000300127005071000630405000207023000590900813002000605000007090800
060810000850007000000900600605700090900020006020006803007003000000200018000084030
090080000007006200651000030762000080000200007009030000000603170000008503400001600
060070000050306009008050601000400002000635000400001000806090100900208050000060020
500000080002080506060040000000090008071400050000003600030006000200050039090100060
005000830900200000807001205003020070000603000060040100301500408000002001092000300
000901000009507100050304080460000073000010000007000500000000000504000602700132004
005000800000123007903000000040500000000070900008000062806201000200007010000080000
060000050900308002010000040100679005000814000000000000605000803270503094300907006
000580040300000081060030000803000000000700802690040005205007000030400700009608050
006090400000002001900804500008270000200000005000019700005107008700900000004050100
210980050050020000004000100000801207000009040000406309005000600070040000430510020
043000002890200071100080000080010059001602003000095000000000000020900000630140007
070000000000156000205090000306070010000005290540000060400001700000200008003504600
004080063508060002000700000800001030070000080090200004000006000100020307320050800
052000139070014000001000000020000068100863007890000050000000800000590040537000690
000000000080500020001600370900000002000037000040020503500206400000800000008710900
000500030300000192007023400700040010030000020050010004003790800619000003070005000
000900100904000008050000409500604800090508020003201007602000030700000904009003000
027000850004907100009080300000000000010509070008000600000203000031406980400000001
680070023500030009420000067000905000000080000000302000930000075100090006260050014
809025000020000000100030500000600429608000000200007006005900004000700003000203967
000009103700000200000206089000010405020605000500070600670000000052040000901300020
000030800008060000900000067000007002026080040000405090040000000600304080701000030
057004000308700200900006000000053007000010890000082005400005000805200700061008000
901000083006000702780010040000650000005701400000024000010060034609000800470000509
000001700030502000601000800200060000078050400000008000067400300000009240000000010
000000000600200000800000709000708090000500000570060301002004070705900026036000045
000006000160020400004009500500092004800000002300061007003008100680070900000004000
000000000070680150000391060035800700067010520009007310080276000043058070000000000
030861050840000063050403020200000004071050380300000002010704030680000091020916040
003060050050730092790000300002000901000090000005000603370000500020450017001020030
304000907000709000609000405043000680002060300000010000200000003000601000590030064
000000000400050007500467001000010000030605080200804009015000620089000570000030000
905000000070000340800500200009020650000604000000030408096405007010700020000003106
001000700000080002900102040080070000000025061000906000000000014040000000300600095
034057000000000000050001734300000627800000009127000003263400070000000000000610940
450200000001500000020001500504000903712800000000000000007000039000100070300070008
009260480000040050000000902000400000900000500580600030300702001400800200002030800
428700090600001005000080030000390100000000000005068000060070000300500004040006379
003000020000006045000503600080000160009700000040080700800010003020804000307000000
007102400040080070000304000000000000690807053500209008009000600100608009080030020
006000305000000760500407900002078009000600000003100020357000800020001000600300004
000403000000906000006070100030000020004020900109000504080000050700862009003105600
007002030030400009400078000240010000000000005380000690050080000000201003820000900
400009000030250947000000068087000006200105000091000002000000084060840295800002000
000010008000300400003900000700000960200069837400000020070020000050007080040000001
000401750090500004000000902070040003080053000006000075003600000900017060160000000
000000000005820009080516000406000010000000000030095700603200000000307004000004806
084000900000090008005102040030200460001007000040800120007608030000070004068000500
005602000090010080701000000300701020010000400200300800000038270020900156000000040
091020350000000000000893000064207890005000200032501740000619000000000000026050970
300000009020000460007045310000098100009516200006720000061280700078000040500000008
006000000090005200100000456000200805000007000070090003064300000007000042005601090
001000000000920536060500024000000065605007243048000000070000000000092300000600010
000684901000003250000900034008001043200000009004000705080402000905000000010060000
780403002520007040003000500100000063000090000240000001008000100010700086900806035
003800950000094000091000002006005000040000807008001000079000008000053000004100620
007204100000070200420000008900060005010485060500010002100000089004050000009106700
020000600830001000004002008003020000007903082008050000002009003310007000090000800
048020750000090000053000180004209600090678040000000000020704060410000028069000470
000407060080006090050000004500180006010700500200000000000000000090010020024500980
600000090040500002105480000000904100800302900000608700506190000030800001400000060
006000002070062000800401500030070180500008040000100700004000008000007060300050400
000006050005004700000000000000008600008500310401030007029000830004003100500070900
005070190600102000000005600000050067003090000070008000069000730200030000008000510
300070005000506000090802060005060100107000309009080200010305040000701000900020001
600485000080100000001300000006000007905030002000000943007091800400000070260040009
003007068507000103090000040012000009000290000038010000000605092000408300000000050
080403010790020036000050000400000007027000690600000005000090000940060021070104060
700000056105000009060001000804060200000305000076080000020903080001700300900006071
000000045090007036000902700003206410000070000019308500008604000150800070630000000
970002006020000089006080100600301000005060300000805002001070200760000030800600075
000506700090000050508040200900401002006000500300207008002070605010000030007308000
600080570008302000020900000500008010000135000070600005000006030000803700083020009
100500000000001000900000400004000056000040090290083000500020000000100800029800670
020001809000900050304008007000400201800000000900106070200000500000000006003790400
607000040009020100234008060000030010090400000005000800070006005902100007000000320
008030020300080490000005007000090670000107000052040000900200000075060003080070900
480000067902000301067000280000561000000704000000839000025000790709000103830000026
700080053010004009000002000000000930021000008530000000008070000000120070400900005
500060009046070280080000040000205000005701400000000000004602800078030560300000004
460001030089023400003000080000050600090000020008060000040000100002180350010500042
000910000269030080104000000000200604006801207000700809302000000985020040000490000
200006800009000070070040200000008706007060080300100000506300028010080900000600105
000570004001000600007012009010007000070401090000900060400380900008000300100045000
006000903100039040200000100600390010000802000002560000080014000007005060000000089
000761000006080900020905080802000504590000068604000102040603020003070600000129000
000064000500000203000800160020000000050006024090071000000040000080500090001082050
000076048800020509070400060300000005007000086098000200503640000000200600002005030
010540030000060047457000000009300008070005002005200001798000000000050094040790080
