000000000001748600060509040048020930030105080019080260090306050006952800000000000
000000000250000078700829004010080060009000200020050040100247003680000057000000000
000020000004705200080319070019000740708000301045000820020476050003901400000050000
000040000001209400040508070052000390300010005089000720030401080006307900000090000
000070000009304700030809040064050280900602001023080670050108060002405900000030000
000107000008060300090308010705803906040000080103906205070602030006050400000409000
000108000009576800060030020650000018097000260480000057070060080006712500000809000
000109000015402890093080510430000072002000900850000046026090730041605280000203000
000153000003708400080040030360000082509000307720000069030070010007201600000639000
000182000008070200040306010504000109890000043106000507050803090001060800000517000
000206000009030700016708420502000809080000040607000501054307190003080600000905000
000206000016030480070408030604000905050000060209000704060705040095020670000309000
000302000004000100060915020105090302002507800403080609040729060009000400000104000
000307000008205600051000780430508079000000000570109036023000510007402300000901000
000308000096402870040971050823000716009000300175000429080719030031205960000603000
000329000058104320030507040496000532300000008285000761020805010041602980000491000
000359000007406300040070060890000027402000901160000058030010090001208700000964000
000405000009318400070902050134000582020000060896000137080201090002639800000807000
000509000003608200090127060341000972005000100769000835030492080002706400000301000
000531000040090010006408200704000608590000023103000705009704500030050070000123000
000568000008302600060000080890030012200806007140050068010000050003901700000425000
000578000007609100060000070650107023300000007720903014010000040006201500000734000
000579000009102500050806040384000692500000001691000457070405020006207800000683000
000603000005040200098105430906000105020000090501000308062408710007060800000301000
000607000004000200087304590305010407000406000908070102013902750002000600000708000
000608000086702350030040010340000091001000200870000063020070080065903140000201000
000609000095701380063508490837000614000000000516000972059806240072904160000302000
000645000008302600065080490420000089907000504580000036053020960004709800000836000
000702000809000107006908500040000070700020004050000090001507300304000708000803000
000704000007201500090683040538000974001000300679000218020946050006307400000508000
000709000007804500015306890852000469000000000374000215083205170001407900000601000
000716000009803600040905070318000926400000005795000841020509060007201500000674000
000804000004010900089206450108000307070000010905000604092701580003040100000302000
000905000007104600092070150270000091009000300130000046026030980004508200000602000
000956000005000700090104050907010306400603009206090501070501020002000100000832000
000976000003402500090010080310609054605000201240801037070090060001204900000738000
001000400009108300450090021040010030006207900010050060820070093007304200005000700
001000600009401700580306091032507960000000000068204510190605027004902100006000300
001030400002409100840201053083000560600000001017000920190307045008504700005010200
001030400003809500860504039094000380200000004037000290370102046008406900006080100
001040300009301200340602085038000620600000003074000850190804032003209400002030500
001050800003701900540308027037000690600000005025000380160209078009504200002080400
001070400006409200470203069024000380700000004058000610310807056009301700007020100
001090600008201500650708024037000850100000009095000310560307081004806200003010400
001209800045803270230704059423000967000000000756000318190407085087601490004508700
001302800090805060800070004420000096009000400160000082300050007070403050004708900
001306400009705200640901085578000632000000000316000849720104068004208900005607100
001308500030209010800507006317000698000000000942000375200906004070104050004802700
001308700008906400650000093310080059000205000470030028520000047007503200009704500
001405300004030500530609028403000709060000030109000602710904063005080200006201900
001407800029805460840902037687000352000000000413000798160509073034701680005603900
001605300009040100520103067107000504080000030903000206340201058005080600008306400
001608200000030000400207001309010705070906030802070406200804007000060000006705900
001804600040000020209503701408306207000000000605409103804607302060000010002908400
001827900000000000600539002106708503805000607702406801200675004000000000007342100
001903800007801900380407061728000546000000000146000329690508072003204600002106400
001906300026301490380000016190408067000000000260703048570000023032804170008207600
001985700080000050200107004304090608100602005705030209500206007010000020002359100
002000100005207300730405028024050860000801000098030410940506081001308900006000500
002000600009204800581609742045301260000000000026508470214906387007803900003000500
002000600031209750590604023053010460000802000069050210380501076016308540005000800
002000900007204300140060025090050070006109400010030080950070034004605700008000500
002040800009508300630109054054080670800304001016090420460807032005902100003010700
002090400005301200430070065040000070203000804010000020320080016008405700007060300
002090800001703500690108047046502370300000005025907410270609053008205600009040700
002106800007839600980000014820090071030201040170050063540000039001385400003904700
002406800041807690360901024253000178000000000486000952710308069024709530009502400
002498300003000600590603028409105206100000005305706801230507064001000500006824700
002609800005000400470000013100060005000405000600090004520000076003000500001903200
002801600000672000700000008420105086050000020160209075200000004000523000009706300
002804500007901300610305097549602178000000000173408625930706054005203900001509700
002901600000705000907000408250070091000208000680090074409000306000409000008107900
002908300008517200790000015960000023030000070820000061410000032009635100003401700
002908500040726080900103002356000927070000010189000654600401005010392040003605100
003000100001503700620407059065090280000108000019060540580209013007601800004000600
003000100010402070700103004057030420000209000062040890300904007070506030001000200
003000400007106200560304087048060530000407000096080740630902074002805300004000900
003000800000758000500304002097603210060000040034502690400106003000485000009000100
003000800904000605000508000700020004090040080300050009000706000507000902006000700
003010900009603800160709043032000410400000007097000380320501098006902100005080600
003020700004709800780105064052000490900000001031000680290803076006902500008050900
003050100008307200740109058064000980500000007087000540430908062001502400002030800
003104600060020010500307002405000109070000030902000806300902001090030040007605200
003104800008000500950807031801405607000000000607308905180702096002000700004503200
003105400005768900790000081510040096020601050360020074970000018001984700002307600
003402100008060700570000092300207009080000030100308007790000081001080900002901500
003407200020080030400502006608000901030000070105000302300106004060040090004708100
003409700006207900170806024314000692000000000697000815740108069008904100001503200
003501800000902000709803602537000184000000000192000576801409207000108000004607300
003506700050708030600409005149000678000000000736000259200305007090602040004801300
003509400060342050500000007920080043030907080670030029300000004050498010004203600
003601500001409300260050074820000063006000400190000025950030048002805900008207600
003602100005107200260905047427000691000000000658000723190504032002803400004201900
003807400001209700580000092620070041000908000930020087140000059009305200006102800
003904100008020700190608023301000206020000080609000301750401039004060500006705800
003976500005201900970000062890040037700803004530010098650000019009407300008159700
004000100090801050300409006073040560000307000018050930800703005060504020007000400
004000300008607100120903086061090570000106000087030690410309057003204900002000400
004000500037504690850000041090010020000806000010050070980000037073208150002000900
004102600060503010900000005570010046000905000610030082400000008020706050006809400
004103500003000200720090048500030009009207400800050007410060082008000900007508600
004103700020807050300000006810090024000401000460020037600000001090605040001309600
004106200000543000800207006138000642070000080429000157600905008000612000002804300
004109600010040080600705002703000901050000020208000406100908004070050010002301500
004508600060901020200607004723000981000000000491000576800706003030804010007203800
004508700005204600680301052561000948000000000842000375120407093008609100007103800
004509700005408900180306052527000863000000000398000174850607091002901300001802600
004593200000000000500804006302070809800109005905080601600408003000000000001267900
004607100009020500760000094300080005050301020400050003230000051008070300005108700
004608500030504090700301008258000764000000000179000832500702006010805070007903200
004703900005608400130204067857000693000000000921000754710905046002807500006401300
004805100000296000900070006540000089026000340380000061400060005000941000008302600
004805700002106400150000063570603098000000000840209037290000074007902500005304900
004806200009407500260309087157000893000000000428000165790501048005904600003208900
004807500007000200350040078900302001006000700100704006420070069003000100005403800
004906500060201070300504001173000469000000000295000817800107003050308020007402100
005000100007908600680103079038040590000809000076030240250706014009302800001000300
005000200007412300420000098040090020090607010060040080250000041004956800009000600
005000200048902650290805037067050310000309000082070940650708024029401570001000800
005000300816000427000070000020307010000401000060208040000020000458000732009000800
005000400090508010400701002084309160000000000056107840100604008060802090003000600
005000900039105740740908036086090370000206000023050690410609053092504860007000400
005040100060302090200108004058000310300000009049000750500709001070204030002030800
005070200008905300340000075010030080500208004080050020630000058007504600004080100
005080400000591000300206005039000650410000032052000780900408006000613000001020800
005109700007208300810000092340070081000802000150090076470000025003701800001405600
005201800006507400710000026670010085000603000390080041820000064003104200001806700
005201900070030080400507006706000408020000070504000109900403002060050010003608700
005204300007000900420000015300927001000305000500148007690000048003000100008402600
005208600004109300680307041237000864000000000598000172860504023002603900003801400
005304100000762000300080004170000046084000290690000081900020007000918000008607900
005314200001000400380609071409107803100000005502403906810205097007000100006791300
005401800002708600910506042269000387000000000851000429320805074007603200004209500
005607300080209050400080002140000075008000200230000096600030008010806040002401700
005608900080102070402000308730050096000809000520070084803000602040203010001504800
005703600062401780470080013230000098008000100190000062980040076053906820004807900
005704100080691070600203004413000697060000020752000841100409008020568010008302700
005704600009000800670308059901502406000000000507403201150607038003000500006805700
005708100007305400820060037280000071003000600190000058340050069001907200002604800
005708200004060300120503086409000508050000090801000604590407032008030100003806400
005801300003405200910030057620000043001000600480000072370020065002904700006703800
005809200008725400230000078320604097070000050850307024580000061003571900007208300
005809700003000500680203094302040901000302000709060203520904067004000800006507400
005809700090000010200506003704090305000705000502060107800103006010000030006902800
005901600067203410430607089346000951000000000819000372570302068093805720008406500
005903400040010020200704005801000704090000080706000203100507009030090010004601300
005908400008010700310407082507020908060709010801040607120304059004090200003602100
006000400008105600370000091050030020000461000030090040160000089004608300003000200
006000500000903000703106908094607850000000000081502460405809703000704000002000600
006010800004802600180000037050090010200506008040080020970000062008607500002050700
006030500001904200380000074020308050900000001050201060610000045002506900005010600
006030900008204600150060037070000090901000402080000060840090023007102800009040700
006080100001603700530000026090020080600308005080010040750000032002907500004050900
006080900000502000800704001081000420300000006024000530400301008000609000002050600
006204500009385100320010049160000084078000210950000063230060058001473600004802300
006302100003108700210906048738000512000000000591000463350801074004709200007405900
006302400070809010900514008761000845009000200382000697200491006040608020005207100
006405200009306700430000068180040076000701000790030052260000019008107600005904800
006502100004708500580301064658000372000000000471000956140907038009106400005204700
006704500004923600370106082162000745090000010743000928430805069008439100001602800
006708300002904700480000015290040083000301000570080091720000056009405200005102800
006708400001000900780409021507040806000601000204080709370205094005000300002804500
006709100009503400530106097682000749000060000345000816460801072008207600007604500
006759100004103600590000027320040081400305009860090034650000073003802900008536400
006803200090205030200407009872000645000000000614000923300506008060901070009304100
006809300008030600350607024401000902090000040507000103260103059005040200003702400
006901200004060500250407018108000706060000030703000105420805067007040900005706400
006908100005000300730105048504060803000301000603090207260503089008000700007206500
007040300009802400640301058026000140900000005018000730890407013004106500001090800
007040500000702000800315007092000650708000403013000790900138006000907000006050100
007050900000304000108207603096000180500000009073000420301908504000402000004030200
007080500060703090400602007014000720500000001098000450700209008030504010006010200
007090800008601700920708013059000240300000005041000360170502086006907500005010400
007103200090875010100090003740000021029000540810000067200050009070924030004701800
007105200001080400430602051304000806070000020105000904840701092002050600006908300
007106200001508600960402018648000753000000000712000489130705046004301900006904500
007106800002000500680703094106000309000010000809000402560901087008000900001204600
007203400000509000203000709780010095000806000430050086309000507000405000001702800
007203800006104500420508013314000796000000000692000158270401065008602300001709200
007209500000685000200104009569000738080000020723000164300506002000792000002803600
007302800002509300390000072620807051000000000970105023180000039006901200009608100
007302800002709600610805037754000189000000000163000572370206048005904700006107300
007309400005104700160507093532000947000000000786000215940201076001805300003906100
007309800046107290910000043180504039000000000750203084830000051075401320001805400
007401600080000090300789005208000307003000500605000904100875009050000070006304100
007405100005839600630702095723000819050000040486000352360901084009543200004206900
007409800000321000400070009740000098083000560610000023100080007000716000006904200
007608200002901600640205038375000896000000000491000325750106084006304700004709500
007801500002369100960000083730502041010000050680107029470000065003678400006405800
007804100008507200540102078285000647000000000964000513870906031009401700001203800
007845300000206000600901007738000641100000008564000932200103005000609000006457100
007904300003608900940302071781000463000000000564000297630407085008509600005801700
008000100002691800170000062080403090060000040040209050420000087009328400006000300
008000200026907410140806075074060890000105000061080530690402083083609150007000900
008000600001203500640905012035020490000507000072090150310602085007408300006000200
008030100000821000300704008063000710820000043057000280500403001000917000001050800
008030100001408900670000085050609030400000002080501070910000053005203800002010700
008040600004706800650309074061000450400000001023000980210807049009502300007090200
008050600007102900250306081013000820400000009096000370730501068005403100001060400
008090100003407900670102053016000890500000004034000720240603089007805200005020300
008104200000598000900000005620080074030405020450060018700000003000971000005203800
008107900001609300760803014593000821000000000187000649230701058004205100005304200
008107900003208700790503026234000597000000000987000614350604079009702300006901400
008136200091207840530000067850000019400000008920000056280000074074502680009784500
008203900040608020600507003481000395000000000953000267200809004030106070006304500
008204300007010400490000012900080004040607050700040008570000026002060700009708500
008204500054609180290708063469000738000000000185000246840902051012803690003105800
008206500006103900710408036824000397000000000691000854180307069003901700002504100
008207900000431000600080007210000089094000350350000042700020003000913000009706800
008209300003507800710403025924000713000000000687000954390608072002701400006305100
008209500002305700350806092816000275000000000239000418680703054003501800007408600
008301400020805070300000008760030024000104000490070031600000009010509040003402700
008302100004608300390105082659000218000000000843000975160803094007401800002907500
008309600061708430390040085730000028004000700910000043850010062072906850003205100
008403600006209100320000094580010063000706000640030079190000056003601900002305400
008403700000569000400708001182000649070000080349000257800207005000196000006804900
008405100094108570250703094927000648000000000816000735560302087083904210002806300
008429300007503900360000024450602089100000002980704051690000073005301800001976200
008501400001090500730406029106000905070000060502000803210903058009010700007205300
008605700009010800470000061700020003050701080200050007840000096001080200002406100
008609200006705400740301069685000143000000000327000695960103027001902300003408900
008701400030000090100509003305040807000905000604010905400108009020000080009207300
008704300070080090409203708501000902030000040702000806904106507050040020003502400
008705900009060800760108054401080306090604080607050102810406039006070400004501600
008706100007508600240301085715000238000000000462000519570209061001607900009405800
008902400030608050900503008824000139000000000167000524600201007040807090003405800
008974100004605300150203067613000245400000003582000976230108094005409600001762500
009000400058302970310050062020604090006000700080207030560090047097501380002000500
009000700004609100370010049010050060003104900090030080630040097005807300008000600
009010700004703500560804091013000680400000007092000430370401059005906100001050800
009020100000418000500709004098000710750000092062000530900207001000863000003090800
009040800006501300180609045012000980300000006098000750270403098005802400003090600
009050700006407800570603021062000950100000008093000610980502067001806500007030100
009108200001060500460000071900306002020000080300809007890000065004050700002607100
009135400000908000708000109870000043300000002510000076605000301000203000007591600
009231500030607090400000002620000013500000004340000057100000005080403060004816200
009305100000020000300164009205000807047000230106000405800651004000030000002809700
009306500005000600360501079207010906000903000804050102940705061003000700006102800
009307200058000710240000093600020008000703000900010002420000081036000940001408600
009307400003208900860409053248000796000000000391000524780502039004601800002703600
009308100030601080700409002826000591000000000491000736300907005060504010004802900
009406500007000900850901047102000709000080000408000103920307014004000300001604200
009407600000301000706205108627000413000000000145000897308106902000902000002508300
009504700005080900720903048608000302030000080904000601850106034006030800003807100
009508400010302070500060009430109082006000100150806037300020008060907040001405300
009602700016307540730104069375000492000000000821000376180405023093701680002908100
009603700001000400270401039108705903000000000604108207790806014003000600005307800
009604700007902100650307049315000927000000000294000681570201098001408500006705200
009607200006801500810905046794000628000000000538000714470502069002308400005406100
009607200060203010700000006340706052000000000580301094800000003050108060006402700
009701200006308500310205087531000798000000000942000165260907041008604900005102300
009703100006809300130604092685000429000000000972000531360205047007906200004107800
009801200060050010100609005903000708070000090602000401300902004090030080005704600
009801500004395200810206043523000416070000020941000875180503094007468100002907600
009802500005401200160307084316000825000000000297000643850903067003504100004608300
009803100000090000200506003407050206010308040806040501600409005000080000003702400
009807500060000070400602008901050304000306000603020801700409005040000030005103600
010020060809503107050807030048000620200000004075000810090301080307604201060080070
010030080603109205070402060037000410800000002059000830040203090508607103020050070
010070090208301506030609080023000410900000002051000630060905020509104803080030040
010208050205607104060104070598000467000000000723000815030501040104903602070806030
010279060200506001009304800453000796100000004976000218005801600600705003080962050
010302070902605408030090010120000065006000200350000084090080040501904807080106050
010302070907501308060809010491000682000000000852000731070605020605207103080904060
010304080390502041000981000879000423001000500564000178000457000480106095050809030
010309080908405601030000040740090056000104000890070024020000060509602307060801090
010403080504708901080615020368000597005000100491000236070589010806201309050304070
010506080709403506020000010950040061000802000240050078060000090401208605070605040
010509040506040901070608050109000604030000020208000507020803060605020309090405010
010509060540030071007406500605000709030000050701000403004103800960050042050902030
010709060309602801060308040532000694000000000647000182020907010106405708050106030
010807090507000806080050030900010003005403900700020008050060080608000302090304060
010905040804607901020010070290000086001000300730000019060090020102306805070802060
012000730906703208870000016030209040000000000050806070320000094409501307085000160
012000760700406005500702001054030170000501000021060540200903008100608004083000290
012030470400607002300904008051000940900000003037000150700805001500102004049070820
012809570400205009300000002760502098000000000920107045800000001100304006046908750
013000290900203008600070004070040080004501600060090010800050001400108006059000820
013504270600801003400307006361000952000000000789000314800405009100206005075903460
013902640500107002600304009485010296000509000192040573200405001900608004034201860
014000370300501009700030006020709030007000900090103040900010004100206003083000250
014509760307000208960000041100090004000406000800070002570000086602000405081603920
015000780400701009600802001043090170000104000067080290700503006800407002026000450
015000870708103406640000032030070090000601000050080020260000018503806207087000560
015407280300601004900208001239000816000000000458000732700306008500902007021504360
015408920400000005902050307800020003001809400200010009103080204600000001049201760
015709240700542008900103006698000457050000080427000361300805009200634005081207630
015904260200080001600102004502000607030000040406000803800306005900050002054809370
016204370740090086200607004504000608080000040903000502400301005390060021057908460
016207430800090001300405006904000308050000090203000104400102003700040005092308640
017305980902000406380000017800501003000000000100609004230000091605000208041908360
017409620306000809490802013102090304000203000508070201650701038701000902083905160
017504620805906107620107058359000874000000000781000236570201069103705402046803710
018504360700020008600308009507000803040000070106000904400605002900010005075902630
018703420900060001300502006506000908040000050701000204800105007100040002053206180
019205460600401008800000002170090084000607000520040079200000006900804003081302940
019206830300708001200030005530020089002907500790080024900010006800409002027503490
019408320600309007300705008873000192000000000296000854100807003400601009067204580
019706820400000007800204009201060305000503000703090402900302006500000008026805940
019806270400902003200107005384000967000000000957000312700401006800509001065308420
020000050508907204090508030073050860000406000082090540060804070807605302010000080
020000060401090205090302070008040500050107030009030100060504090702060803080000010
020000070306000201010523090005406700001000400009207100060841020402000803090000040
020010070100602009004703100076000530800000006041000890009201700600405002010080060
020050080400301005000209000041030950800507002073010840000804000900103008030060090
020090050300201004009504700037000190400000005056000240001906400500402006040080070
020103060109508703087602510234000689000000000856000471048307190703905806090804050
020106090300000002000279000801020409005308700702090308000753000100000003090401060
020108060809206401010904050935000682000000000742000513090805040504301806060702030
020301070508070604010468050109000208043000590805000701050892060302010405080503020
020306050309507208050090040170000084003000500480000093040050070608701405030604020
020309050603000109070506020305040702000203000902060304090407030807000905030901080
020406070900000001001307600604020703000603000702040905005701800200000006060802050
020409070305000401010020080900040006007602900600080002030070060508000104060804030
020508040409000705070409030807106903000000000901204607060701080308000401010803090
020605040508401302090208060956000721000000000473000658080704010701309206030106090
020809030508201906060050010350000027006000300170000095030090080405703109010608050
020871090907000201040209060209508306300000005605103809050902010402000608060485030
020908040307205806098407210862000375000000000173000964089603450405709602030501080
021506470400070001500403008605000307030000050108000206800307002900040003013902840
021704960703608205560201087496000528000000000352000741630109052905802304084503190
023709610400305009600010003730000095002000100850000047200030004300902001095604380
024000730600000009700145002002306100008000900003501800300859006800000001096000540
024307650806000402150000098200504003000000000600203007490000075508000206062801340
024501830700308001800070009480000025003000100190000074300050002600807003047109580
025109870100000009400708005607201908000000000903406701500607002200000007039802510
025608490300405001800109006632000759000000000758000142400902005200503004019704820
026407850800000006400605002504060901000104000103070605600708003900000008018206590
026809130500000004700104005305000206000000000904000308800406001600000002079508640
027608540100309008500702006973000264000000000681000953700806005400205001059104630
027609530300107006500203007173000652000000000689000743700901008200704005061805270
028000360600102004700305009071090430000708000096040820200603008100907002067000510
028000390500090008300874005003609100059000830001403900800517009900030001072000580
028000540701405203430601097057090120000502000013040650180204075509708302072000480
028304160100705003307000205640000052000060000280000039809000304700408006036109520
028307190600901005103804706741000982000000000236000547405603208300208009082705610
028401790600908001900060004270000018009000600160000027400010005700803009085604170
028905630509403802410608097847060123000107000391080756230701085104802309085306270
029000470703408209480702036056000710000000000048000620830106097602507301071000860
029040650403507102750000038070608010100000005080105020230000081508206309017050240
029305480400701006500090003290000045001000200350000018800070004700106002065402730
029508170100207008400010003590000031003000900260000084900080005600701009012409360
029701350500902006700603002271000849000000000854000673900207001100804007067305920
029801670400307009500060008640000081001000700270000046100080007700102004084605310
030000050807000603060312090002080300006507400001020700020798040708000906090000070
030000080109508603040306090083402150000000000096801370010705030804203907060000010
030010050208309401070605020023704190600000005015806270090503010501402703080060040
030010060701503408050604030027000350600000001083000790010309070506102903090040010
030040070508107904040902030073000190100000008084000750090304010302708509010060080
030104080206708403040000010150040062000507000390010058020000070401205609070309020
030107040600358009000040000790000081013000260280000073000020000900816004020504090
030127050201609807070000010410060075500801004960050082040000020102305708080216030
030219060406307208010804070325000849800000006169000357080706090904105602050982030
030407010450306079000902000614000792000000000398000156000108000120709063060503040
030409050504708901090060080950000074003000200670000015020070040706802103080901020
030504090109000504057000610200306007000000000300709001092000360803000105010803070
030506070709102305080090040340000017007000900920000036050060090604908203090405060
030507080500901007000080000700050002004010800900040003000060000200805004060302070
030508060200109008009302400526000897000000000391000546005706300600804002070901080
030509020206307509015080670620000037003000200470000051092040360704206905060908040
030509040109203508070108020851000769000000000463000285010907050904806307080304090
030509060509000208070203010401000702000000000305000106080304050107000603050106070
030609050500132008000405000354000916010000070792000384000701000800963005040208060
030701040409302105080406090268000479000000000357000612090608030806905701020104080
030702080200040001000593000701000906098000420604000803000421000100030008040806030
030708060400309008000456000391000876006000500854000239000265000500804002020107050
031207940400000003800904001205060307000805000609010804700501009900000008014608720
031209460400601005600504007257000183000000000394000726700902004800307001013805670
031609520602103908490020013720000054005000200910000076280010069504908102069204780
032000140100070008800403002004080600010902050005030400500306004400050003098000510
032040960806309407970060013010000030305000204020000050680020041507106302091070680
032704510800601002400308009947000251000000000128000367200903005500102006081405920
034000150700304008806000304070080060000402000060050040109000405600701003027000910
034206180900301005107050309810000073003000400240000068701020906300908004096107850
034502710107603402920104065316000827000000000245000193590708036403205908082906540
034608290600205008700040001820000036006000700190000085200030004900507003075406120
034706280800902003500301009492000137000000000765000928100403002600809005087605390
035108460800406009400302001384000652000000000172000893700509008500704006043201970
035804210600307005400000008210406039000000000360105027800000002900708004047209680
035904270900000005100853009506020704009607100402010903600795008200000007058201490
036000850801307604740000031070030020000406000050010040260000019309605402084000760
036208140208109607950070038690000024007000800480000015870020061305407902029805470
036507410105906308840301075327000861000000000961000254710603042403209106092804530
036809740700103009200040006140000065002000900860000024400070003600901008073408610
037000540200705008100020003080307020004000100090501080900080007400902001028000930
037000610601703405950201073068000130000000000092000540140306087309407201076000350
037020690500801002400906007045000810300000005098000370800109003900402001051080240
037080650200506008800301007049000180300000005076000290900704002700203006024050370
038105260500080001900702004603000907020000010109000402200803006800050003065904120
038609720690000045400208009809403207000000000104905308900106003380000012015304970
038906250905000807260000034400080005000301000800070003650000082104000309072408510
039000270402000509570129063001040900004605800005010600840392056103000708056000340
039000860802106504450000037090060080000207000060010020640000079703409608018000340
039506140405901306670000052290000064000000000750000018380000021502403809014207630
039706210201904708570302049127000593000000000896000427640803071902501304013609850
039802760200109008400060009940000073001000400650000091700020004500401006014603520
040010080705843609080607050029000410850000073074000960090406030107539802030020090
040080010100324006008609700084000360560000098023000170005708600600435007070060030
040080050200506007000391000067000890501000403028000170000672000700904006030010020
040090060206105309090603020019000830500000007068000150050807010802509706070020080
040102080305809204080605030537000128000000000894000563050203040402507306070904050
040106070900080004001907500403605701010000040705204803004301600600050008070408050
040106080600479005000000000360502079020000030590803016000000000700691002050308040
040109060508306709069405820876000294000000000195000376023901480901704602050208010
040136050201000403030000010700060009400709006100040005010000080905000301020971060
040205080908000405010080020800040003002107800600050001080030010409000708030804090
040207010102908607060301020286000591000000000714000236020409080805106403070503060
040207080802605304090481060234000719009000500576000438050718090708902103020503040
040209030807106205010305040153604879000000000629807314060502080701408503080703060
040301060100908002008602700351000628000000000784000319007809100800207006060405080
040301080201604507080207040625000793000000000419000826030405010104809205050702060
040309020603020107050801030105000903030000040408000501010708090902030704070902050
040506070708201306030709040657000128000000000389000564060403080403805602070902010
040508030900020007007109200402000701010000060309000805005701300100080004020903070
040527010300109004005408600251000948700000005486000371004602100800901002010743080
040603090609050108030802050304000709010000060206000305070905020102060904060201070
040607050709203408050000010230060075000301000460070031020000090103405706070106080
040607080600102003008403100312000967000000000459000812004208500700504008080309020
040608070601070309080203050307000806010000030406000902030709060802030407070806020
040805030200601007005702100176209843000000000984307215007403900400908006090506020
040806070803901205010204090526000187000000000438000956050407020207603504080105060
040901080200806007006507200873000162000000000651000498008702600300104005090305070
040905010903801605050407080425000973000000000869000251090502030506703408080106090
040906010206401305010805060938000451000000000124000673060102030302708106090603080
040907080605000902080506070706090408000704000401080207010802050907000806060109020
041306920706905403890704061962000835000000000354000716470102058608509102015807640
041507690300209007700000005620040078000106000190070026900000001400802009017603840
041602530200308004600105007587000349000000000192000675300809001900504003024701950
041705680508201903790803051153000826000000000279000345820104069904506708035907210
041908350700301008300204006473000865000000000259000137100807003900502004084603270
042306170307000405510407023204060908000201000106030207920608031603000804081903560
042307980300862001600000002810203075020000090590408023400000009200934007067501830
043000680780306049200408003018060490000502000072080360300607008420809056096000730
043601270500000001600207008405060709000709000908030602300805006200000007081906450
045060780160000032200305004002090300700203008004070900900704001520000076071020890
045201780300907004107604302831000945000000000279000168406809503900403001083502490
046020780700481002200506003017000260390000041062000530500208006600915008028030150
046201590200080006800509003409000305010000080608000401100907004700050002082604150
047000310300000004809704602003070900000503000002060500908106205700000009025000160
047000920509107803380000065060789030000602000070351080810000052403508607052000390
047601290500487001600203007271000549050000070964000382700502004400819005085706920
047601580310000076500904001106090708000208000405010203800409007790000054034507910
048020130100403007500090002010000070307000809080000060800040006700906003031070490
048105370900308001300702008479000132000000000583000946800903005700604003035807690
048109260600508001100607003875304192000000000391802674900403005700206009012905380
048907620900804007600000004290108045000000000380402076100000008400203009039701560
049000210600504009300206004032901760000000000085407930900608007200105003057000620
049307120100208004200406009492000761000000000578000932700601003900705008015809240
049708160600301007300409002162000459000000000493000678800903006200106005076502310
049708510200000004800204007604050201000106000708020605400905003100000008072803150
050000030200703001000586000062408350001000800085302410000135000300907005090000020
050020060400508007000369000024000390809000702015000640000675000600902005080030020
050040010100705009004206800016000250500000006049000130003408700600307002070020090
050090020401503609090402070072000140300000007019000230080204090205907804060030010
050102060401907502090546070975000426003000700142000398030751040504803607010204030
050102060902070304030405010407000501080000090203000408040203080108040906070809040
050104080100709006008503900392000714000000000876000523001306200900802005060405030
050107030300405002004609800941000325000000000562000718005901400800206003090803070
050109030201507604090030010480000026005000400120000057040010070803602501010708060
050201040400608009008409500546000987000000000719000263004506800600304005080702090
050204030109000406040301050607000305000050000503000801070908010901000204080602090
050206070400308005002905300536000281000000000718000549005407100100809002060103050
050206090800703005004589600483000519009000400125000367007465800600107004040908070
050206090901305802080901060234000618000000000678000259090507080705608301020104070
050302060302040805040000070400105007020000090500803001080000050906010704010704030
050306080802000504070408010508704609000000000406209703080902070703000805040805060
050407030103608904080090060810000076009000500460000093040070010501206307020803050
050417020103509408040000070390701084400000007720604059060000030204108506010936040
050601070706803405080040010540000068002000500860000091020030080905206103030109050
050701090309205104010090020140000059002000400580000012030040060406507901070609040
050708060900501004002903700638000197000000000149000526007302900200405008090106050
050802060306504108090306020135000647000000000849000253060903010203601409010708030
050804020609030704080106030504000803060000050107000609040502010801060502030907060
050806010906235407030090060670000031021000970890000056040060020205471603060308040
050903010206105409040070080670000058005000900480000023060010090508307601010809030
051307860670208035800105007762000381000000000413000956100406008320509014046801790
051408970300502004800609001586000719000000000247000386700104008400706003068305240
052000370400502001100000005010943020000208000040671050600000003800109007074000910
053000980100503004409000307040050060000204000090080040807000406900801002065000190
053802490800030006900601005709000603010000020205000807300905008500010004098403750
053807460600104009700000005470509013000000000820301076200000007500708001017405620
054000810700010005308409206003080100020104060007030900406208701200060004075000680
054908120800734006900502007245000761080000090619000538400109005500246009098305640
056000980900801006700506002028000490000080000034000120300408009400603005015000630
056802740204000305370000096400020003000308000800090007740000038102000509083906410
056804720700103004800207003271030458000705000568020937100602009600509002029308670
057000120600501004900060008060408010004000700030102060500080007300205001049000830
057000380200000006309508204004623100000901000005847900508302401100000003043000820
057000830200050001400106005004508700080000060009601500700809004800010002035000180
057206980800000003600401007305804102000000000209307506500103004100000008074608310
057304620100000007200507008605708904000000000408106702300609005900000003082403190
058000690100706005300908004017040920000509000093070540900207003200104009071000280
058090140400508009900701008032000960600000005045000370100307002500604003073010450
058090260109000508230000047000105000300000004000709000860000029501000603093020710
058207130700304008900805004876000413000000000324000965200401006600702001043906780
059060340607504209140209057014000780500000002072000960480602071705308406061070820
060000020237000849080204030003060400000705000001090200010408050852000714090000080
060000080908306507035102460084501970000000000019603840073904150502807604040000090
060030020105708604073000910050090040800205006030010080046000270907102403020060050
060040010107603905050801060042000670500000001019000580090107020701304806030080050
060107080708502601020604070649000517000000000172000398080309060204705809030208050
060108050100000009005604100807010503000403000409020806006209700300000005080305020
060201070203080504040000080900504008020000090800907003030000060107060902080409030
060307020201000804090801050405000607000000000809000203050206070907000302040703080
060309020307506809020000070670050082000802000280040061030000090902608704040705030
060309070470806059000502000786000491000000000249000536000908000930401067010703080
060409030803701206050030090670000021005000900410000065040060080506802409080903050
060501030300708001000324000576000192004000700813000654000437000700902006080106070
060589020409706305020304080751000246200000001698000537070405060806201903010863070
060702040300409001007805600516000298000000000832000714003601400600503009080207050
060809030508000401070405020406080309000904000709060502030501060205000103040302050
060901030309000104050030070600308001003000500800502006030040010708000609010809020
060905070501603208040020050150000089007000100420000065010060030704109806090702010
062080370750203086900604002048000690600000007097000540300102008420308019016040230
062507180705401906310000074950000032000000000240000015190000048804906301073804260
062507480900604002700010003890000047004000800210000036100040008500708004078301920
062708490900402003400591006631000279009000600275000834100956007700103002096204150
064000270507201804280604095029000610000000000071000950630108049708309501012000380
064010520900203007300805006082000940400000005079000360600504009200907008093080250
064207590200908007700501002627000183000000000841000259400309001300706005085104730
064208930500070002700906005601000504050000060402000301900104006800020003045607190
064509820500408006700102003416000395000000000289000674900601008600704009057203460
064705120205108704180204096936000417000000000572000689840307062609801305053609840
064908250509207304280405096451000823000000000826000579740603012102809405095104730
065109380100504009400603002571000893000000000693000425900807001800301007017206540
065203180300458007700090004140000076037000920650000031500060008200841003084507610
065907420200406003400508006671000849000000000534000762900805007300602005056301280
067309410400000003500080002800206007003000100900504006300020004100000009028905630
068901350900308004200050006350000061007000400180000035500030002700105008096402510
069000250502906701310000096030060010000805000070040080920000045603408907087000160
069104570204000308350000046900506007000000000500403001130000059706000204095801760
069105280400302007800409005932000571000000000584000639700508006100604002056701840
069107350700409006100060007670000032008000500430000068900030005500708003027601480
069403580708050904140709032504000701020000040801000203450602098603090405012805370
069508120800102005200070004930000078002000400140000056600080003700304001013706890
070000010201305608030102050056407130000000000049203580080701060907608301060000020
070040010904732805020601090032000150140000087089000340050203070803467501060090030
070040050405703809030105020047000930800000004012000570050401080701609205060070090
070050010401000503090103020003407600900000001007601900060809050702000108050010040
070090030209408507080107040053000680600000001021000970090603050702801403030020010
070206030608701905030509040865000314000000000791000268050103080306407102010805070
070215060204000507060000090700030005600408009100090003010000050907000204020573080
070304060500000007008602400607000804000090000209000705006107500100000006040903080
070305060301806902060000070750402036000000000190507084080000010403709508020108040
070308050600209008009705300582070463000406000364080179006807500700103004050604010
070602080300407009001050200250000096007000500640000017006040100500209004020501030
070603010608402307030000040320908061000000000850201039080000090902806103010307080
070604080560108093004209700317000968000000000459000321003905800690807034020403050
070608030102907506030104020253000967000000000817000254040702090501406302020503080
070608050804701302010000090950402038000000000360109025080000070702805609040306080
070801040800203007003000200560708031000000000240509078005000800400602003030904050
070801060204906807010704020562000198000000000738000546080403050309205601020609080
070806050800701002006209300541000826000000000689000173008405600100602008060307010
070809030109000507080705020803104605000000000601507903060203050305000802010608090
070903010805704203040802070182000795000000000469000831030601080908307106010508040
070908050801604902050102030915000487000000000723000691090507060502809703080306040
071000490300000002200507006007821300000605000008379600400903007900000001056000940
071308920400502008800607004614000895000000000782000143100706009200804001046109780
071506940500020001400030006900000005052000760300000004800070009700040002024908130
071609420204000609690201037903060705000308000407090103860403071109000302032905840
072000610600501004400907002046000520000000000035000840200809007300106005059000460
072301960406050307510607024109000702080000090305000106760905038204030609038406250
072508930500000008803201705307000801000000000408000506205607309700000002016803450
072608140308409206610070039480000092006000700790000083520080061809104307047306950
073108460900204007600503008824000756000000000367000981400306009200709005096805320
073208940602040508980503017107000604050000070406000805740102069309050401061904750
074000310102409708380000029060010080000205000090070040840000052501607804029000130
074102680203000704810406052405060201000509000607040508320708046706000803048603170
074209680306000207180030095700040008005901300200070009950020031603000804017305920
075000280304508709210907056027000960000000000036000170690805027702309605053000890
075304190600502003200010005430000056008000200590000014900070008700908001081206740
075306940600805003900407005742000856000000000591000374400208009100703008068901530
075403120400902003800000004280040065000208000350090042600000001500604008048509630
075602310300514007100803009517000438020000090498000762700301006200946003036708540
076102580900307006100609003743000621000000000589000374800506007400908002097403860
076301480400907006500000003240060097000409000390080041800000005100705004025804360
076501980403802601150409037941000573000000000367000842710904068504608709089703420
078000510600205003900000007090524070000107000010368090100000002300702009025000160
078040910300701004400902007035000740700000001096000530600105003900407008047020160
078203690200506007600807003317000428000000000469000351500609002700401009086302710
078903610360108095400256003847000926009000300653000178100765009920304067036802540
079000130300509006600030002090473020008906300040821050900080004800704003064000570
079000520200010003300725006004501600036000180002608400900862004400050008027000360
079050240500000009300409001008602300700000006001508900600203007800000003053060180
079102840800709003400308002794000158000000000153000624500604001900803005087501430
080000010107804603020105040036201890000000000091706250060307080708402309040000070
080000010390401085005902400026103590000000000051609830008506700760308051040000060
080000020903208405040357010072000590004000100098000730020674050507109206060000080
080000030100508007000391000043000210008060700015000940000629000200705001070000020
080000040301809607070601080057090420000502000013060590030205060902104305040000010
080000050400907001007602900032000810000010000074000530006704100900506008020000040
080020060900638001005109800036000290510000047094000130003802900400571002050090010
080090050500607008006802900014000630600000004079000180008901500300708001040060070
080090070706504802050608010043000120900000004067000930070906080605702309090040060
080103050203509406060408070526000713000000000398000245030805020802607104040201030
080104050105000703090507020801060205000802000204050807050706080608000304040308060
080105060260309047005206100142000639000000000836000754004502800690804025020607090
080106040906407503070000080860504091000000000150908036010000060205609308090803020
080196030309408206040000090130060084500204003490030052060000040904603108020549060
080206010600103002005000700340080061000305000250010048006000800700408009090507020
080207050901805702050103090124000587000000000593000126030702060809306204010904070
080235060402060905050704080207000309340000027905000608090607030106080402020149050
080302050400761009002509700394000175070000020621000893006204900200658007040107060
080309060902105708010607090234000179000000000658000324020903040703206905090804010
080312090200070006000408000609000503150000049403000807000705000300090008010623050
080401020406000305070602080801709203000000000702304809010807030208000507040503060
080497060307208409020506070791000586400000002632000147070104090203905608010683020
080603020902708305040509060435000698000000000726000153070405080608102504050907030
080609010705801902090000050370205064000000000520406079050000040102503708030904020
080642050600501007009708600912000375300000009765000814006903500500406002090257030
080705060705406208030298070369000825002000700847000193020351080403809601050604030
080905070302107609090206010879000352000000000231000468020503040908602705010804020
081204950703000401450000026300090008000108000800050002130000094906000205042609830
081207450500409003400605008957000286000000000236000514700301005300802001068704390
081305970400901006200608001326000418000000000195000237500207003900403002032506740
081409320702306904490201085126000578000000000379000461910703042207805106064102750
081905730400030009900672004104000806076000950508000407300724008700080001049103270
081906450302000806560000027400070009000502000600030002130000048207000301094103270
082000130901000704630701092006080900000107000009020500120304089407000203063000450
082000650600308002409000801020050060000409000070010080503000108100804006068000790
082401970300298005900507008723000816010000050659000427100309004200745001037806590
082405610400806002705902408129000745000000000678000923207108304500309001031704250
082709530500000006100503002901040608000207000704080903400908007800000001075106840
083090670200107003600308001096000450800000009071000260500903002700401006012080730
084000960709608105530709082051000870000000000097000620860903041903401208015000390
084301950300245008500807004827000416030000080645000239900604003400752001071903640
084709130609040207170203069903000801010000050508000302850406093301090608096802510
085000620230000071700509008006070400000104000008030900600702003520000094017000250
085020160200809003700603008047000950100000002029000630600201004900508006013070820
085307490100040008700605001307000609060000080809000704400802007600050002023406810
085401670300807005400205001743000156000000000162000894600309008200108003037506410
085902730200060005100703006301000609020000040407000802500307008800090007016805490
086010430500903008300806002015000290800000007037000850400501003700402006092030740
086201490901070602240000017400020009090107060600090008860000031304010806029603750
087401930200605007400309005153000679000000000874000152700204003300506001021708560
087502610600409003200706009576000238000000000843000971300201007400907006059803140
087509640200104008900080005490000083001000200830000057700010006600307009024905870
087601540200507001500904007921060734000103000735040168400708002100406003079302450
089000340500178006200403005016304750050000030043507690400906003600831009098000560
089306710400975002600000009740601053050000090910502067100000005200159008095703120
089405720700802006602107508573000184000000000491000652807601309300209001014308260
089504620700000003100603005604050102000401000901080507400708009200000008065209710
089705640700106005100804007941000576000000000672000834800209003400508009096403150
090010030700406009003902800028000460100000003045000170006209500400601008010080090
090040070503000206010206040002030400300402007009080100030809050105000609020010080
090050070400391008008604200051000830680000047047000950004105600800769005060030080
090070010407000206010508070009607300100000007008402500070904030304000108050030040
090080050106209807040715090023000710609000405014000680070964030405803901030050060
090103070708502901030080060870000043006000700320000018080030050503701402010806090
090108040600507002007903800346000215000000000782000963009305400800206001020804070
090108050307502409050704060235000196000000000978000524060803010401905607020601040
090201050805609402070000010530020046000107000180040025060000090703402801040805070
090302080300106007006000300960504072000000000240709063008000600400208001010903050
090308010800106004000945000154000678009000200236000945000657000600809002010402060
090401050605000103020050040500080002006302500100040007060030010207000306010209070
090402070400506008008917600125000437004000200389000516002349700900805002050201090
090403010400060005005708900306000108080000030901000407002309700700080003040105090
090405010305607402070102060923000645000000000567000198080906070704801906050304020
090406070400701002002308100326000457000000000579000816003802700900503004080907030
090506080800040002004708100906000208030000070501000603003401800700030001010802030
090601080205407903070903050819000527000000000534000196050208060602105809080706040
090615030613000459070000010700060008100708002300040001060000020452000783030274060
090706030702905601060080090610000043003000800480000029030020070204809306070304050
090708030200903001008050400970000045006000300840000067007010600100605009050204010
091000560400901007300408009083070240000802000056040370600705002500203006028000950
091307250300020009500809003104030507060401030809070406400902001200060005018703620
091308640400206009700409008927000865000000000854000731100807002600504003082901470
091503260300000001500204007805030906000906000903020504600301009700000005049705630
091605230700090001500301008108000702050000010207000803600804007300020009072906180
091705640400000001700604003304507209000000000106803504500106002600000007039402160
091803760600907008207601409374000951000000000529000876802105607700402003053706210
092501430307609108180000069430102095000000000270304081850000074704908506061705820
093000540408305109170000032020030050000504000030090080810000095609407301042000760
095000360700020005400509002002060400050402010004030200500806003800090004043000180
095203170207401506180509032879000263000000000361000954650704029702908605013602840
095804670702000308830701095209308107000000000403205906680103029901000703027906840
096402750700090006300806002403000605070000030109000804600301007900060003031709460
096705130200000004500206008405809306000000000908302405300407001700000009084901750
097000520500703008600090001040607010006000200070302060900070002700104006014000730
097106420400903007200708003138000645000000000562000179800401006600802001021509380
097408210200107005300000008470020081000704000860010072700000004900205006023806190
098106250500308006100090004870000042009000800640000015200060001700804009061507430
100000009029401750060809030045000360000000000096000820030107040081502670600000005
100608009009704800070020040590000073007000400830000065060080010001906300900405007
100905007009000300020030090500804003008000600400301009030090070005000400200106005
105000208008205100260000047010030090000407000050010020430000012001302600906000305
108305906009040500250608073605000708030000020702000305510804039006030800903102407
109000204005000800360408095008020700000751000001030500650302018003000400904000607
140000089806010507020409060004807600030000070009302400070906050402030706960000021
140257069900806002000301000629000478400000005835000126000503000700408003380729054
143207658700406002900050004290000037007000100630000049800040005500709003374508961
150809046804702103090000050630000012000000000780000034020000080508403901940107025
160000075004000200000743000400906008500000002600504007000415000001000500840000036
200509001007106500090302060312000789000000000569000243070405020003807600400901005
200901003003080900070305040306000208020000050807000104060709080004010300900208006
200907004008203500090801030937000185000000000582000746070406050005108900800502001
204000109007914300390206045018000930020000080035000610870401053002653800103000406
204030809009204600750906042073000250500000004042000930190408063008609100605010408
206901703000000000100403005604070201000809000308010506800102009000000000901507308
209801604000602000300705001524000967000000000178000453700506002000903000605104709
210803094608000301040916080402000709001000800806000405080524070704000508560308042
230070065605000209090605030001407900500000004002809600050203070903000502820040096
290601038800304009006908500358000241000000000712000896007809100600507002180203054
290807054510906082000105000328000745000000000679000231000704000940503027730201096
300090004007408200092000180040106020500000006020809050081000730005302400900080002
300104008008203700020509010251000843000000000839000176010806090003702500400901007
300108005004302100060070020810000034002000600640000017090080040001703500200604001
300205009004103700060807050485000371000000000196000285040306020008401900500902004
300405001005301600020709050216000597000000000984000326060108030007204800400906002
300708004008103600057040310260000045005000100840000069084030270002401500100502006
302407906000601000400908001584000719000000000276000435900803007000206000608705304
307409208009000400160000035800030004000502000400010003640000082008000700902304601
309000407004903800680704039023607540000000000046802970450106098001408700708000104
310204079805000206070801040109702408000000000703405102020603080401000607690507021
320504068906701402010602070631000895000000000795000243060305080402108906870409021
320701085408000309060803010201060408000208000806030502090305020602000807180602043
400000009007104600096508410028000190000000000073000250052401360004209500300000002
400106008007802300060305070536000917000000000819000642020609050005203400900704003
400309001009000500050406090704080309000902000603040805010804070006000900800203006
400803006001906400090000080160508039000000000720104068040000010007305800600407003
405306208002108700310020049160000025007000300580000074720050036001603400906402507
409103607006070300530904082702000501060000040905000208270605013001020400308407906
438109725590803064200504003629000871000000000785000342900408007350207018874601239
500609007009105200010304050356000492000000000298000761020901040004708100100402005
500803002006000800020709040702010403000306000609020108040102080001000900800604005
500903002009547300010802090128000537050000020396000481070301060005289100900406008
503708609004205100610000028130000096000000000940000071470000063001903400309806702
510020049302401506090708020043000150200000004075000680020105060609807205150060037
530000061409050208010804090003010800090306040002090300080605010306040705950000034
540000087207000905090605020006050800000401000004020700050708060609000508810000073
578603194400000008200407006304806209000000000902501603700908002100000005869302417
600000001002704300093010740080020090005401800030060010021070480006908100700000006
604107309000802000500030008290000085006000200350000046800090007000508000109206803
609807204000109000800000003980060042000501000130020059500000001000306000406205308
610702039307000204090306050205010908000508000109060503030901080701000605940605017
620105038800609005000702000316000452000000000472000986000903000700504003960208014
630050082701406905020309060042000870300000009068000540090504010403802607850010094
630104079100209006000803000386000241000000000497000685000905000800406003960702014
680000032309602507020301060042060390000103000093070650050908020901507806270000015
700203009004509100090010040920704083007000200540301097030080070006407300800602001
700203009028000350030508060304070108000102000205080706080407030073000610900601005
700958002003702400090401060685000279300000004412000853060504020004207900900386001
702801905000209000800050003630000098005000600280000057500080004000305000306904502
704060903001509800960301075017000680300000007092000350680104029009602500105030408
708403201004607800930102046456000183000000000329000674190805062003206900602901407
710902035204507601050010040590000078002000900860000024030050010605701302120803059
730205018906000503050000020200349007000507000300816005070000030409000702560102049
750804019400267008000509000362000891070000030194000567000102000900456003580903024
786301945504908307310405086247000831000000000698000754450706028902104503871502469
800201006001307400025809130193000754000000000752000869079104620006502900200706005
807106502006305400430090016380000047004000200750000083570020064001408300608507901
809107306060305070100409005286000419000000000315000867600204008090806050508701604
809204301005701400140000025710603054000000000450802069930000016004306900601509703
840050097100908002000701000063000470400000009071000280000102000700605008250090013
850040037209807104010205090098000560700000001064000370040702010502609703970080025
890104073504703801010802090952000784000000000468000319040908030605201907370605028
900000007006413900030209060081040250040301080057020340090507010002834600800000003
900306004005208600080090010420000056008000700530000028050080060002907500600502001
900382006007509200030000050890050027500906003740020065010000040005804300400231008
900602004007304800020785010693000485005000100741000293060279030002401900100508002
900705004008090200030040060700903005096000130500601008040020010005030700200809003
901000504007201600620000087050070040000508000070040090760000013009305200802000406
907402805000506000600708001274000618000000000156000973500201006000903000801605207
907602108005000700120000095600203007000000000800701003560000034009000800304908501
006709100008000500290000087800040001000623000300050002520000049009000800004105200
060950024740023008000600000006000040000000083270000601400009000500200036092300050
206105703800703004003000500000030000040602030000070000008000400700201005301409802
000100894005000006091600007602801000000050000000706908200007560300000200569008000
009608700001090300370040026400060001037501240900070008790010052006020400004903100
100000804043050060800460010000504100057000480001302000030028001020010950708000006
009213400300000002020706010930060047000308000260040058080107060500000004003425800
000800760400097000600123000062509401079000280105208690000361008000980002081002000
508000032900007400040010007020905000003000600000206010100070040007600001460000809
090000070005070800400805003508000901370108056602000708700502009004010300020000040
000000000700020005900407002000631000650000029100502003010070060002109300805000201
540009080000000205091000040004000002900100000063050000200506100400900607038070004
000089200000104500000500018089300075400000009750001840210006000007408000008270000
006003001001670200859000000060085004030200980100900503080061300000030000700508000
002000400400526008608000301000498000800060009000375000109000805500289003007000900
007508100000070000501602408705020809060705040403090701302901607000080000009204500
029008056600000908400050020000009007007040800900500000090020004706000005810400360
900407002001000500578000346080609030000000000090205080415000793006000400800703001
060010070840602091002000800020060080900105003050040020006000200180209054030050010
670030095801000403050080060000398000908605704000427000030060040506000107410070056
670091034892070006010000000000006007760000095400700000000000070500010842980240063
805270063670000020000001009002080004700602008400010600300800000010000036940023807
900306008005010200030572090806000503013000960407000802060985020009060100500107009
900007056270001090000293000315000400002000700009000325000624000050700032620300001
003100040709400000000920078000000132004000900821000000930012000000009301050004700
010000060240060071500401009001705600300000008005802700600209004980010037050000090
100746009006090200080501040605000802970000053208000704090803020002010400300264008
305000604069000720120607095003561400000903000007284300450709038031000950208000107
090708030010000090247000856005231400089406270002879500724000318060000020050102040
000070000450020089910000073700302004001604300600705008830000026160030045000040000
093187000000000301040530009800609402904010508201805003400052030306000000000368920
056089000020001457070400009940000700600000008003000045100008030534200010000150970
300100902017000000084900070402000000000000057000006480600007105009054000700060800
200050007049070120068000490000284000810506074000731000087000540054010930100040006
800103009509408302000050000060000020002080700030000080000010000304209601100506004
702304901030902080900070004840000097009000800170000026300040008060107050507806409
010000560300090007400601000004702100070030040006104700000508001700060004043000050
090040000062700045007500960000904820700000006043208000074006200150007680000050030
040000090520010043009204100007386200060705030005921400004503600610070029050000070
000000080058000600010200305002003000000000064000600510083009020200014800005080001
030490050400002001000307000041000507300020008902000410000703000500900002070018030
000364080300200000002091300803000092609010407120000508008940600000006009060527000
020301070580070024000080000200417003067802150300956002000020000840090016090504030
400050002890000046002309500509000103060070080208000607001605700380000051700030009
010000070309701506068040910070418060001902700020567030037020140106804302090000080
000002050140500080007030200700203040004000900020106007005080300010004069030900000
070001003100000000000000791000600520000070306900003000006310480007500600503060000
012306400000705003500400001950000126000000000128000075600004002400203000007501640
000000000900405007406020908060102070009000500070304080504030106300608002000000000
070903040901507803035000670890050016000802000420090058014000760302405901080206030
040500000000090203091030500000685002038402970100973000006040120309020000000008030
020060000006000703090041000500007908039000460708300005000470010804000600000010080
009030020004000871680010930000200000405000702000009000047080096513000200060070100
000090078000608100000512004051000006203080007094007000010000050900000400507940003
007000800028090650560701034001523900030906080006478300690107028015030740004000100
050000004608090020040000100000009502060008400000546900004671008020000005800200610
609803407000050000700106003504000609070000020102000708900602001000090000301704205
740213089510709063000000000960302051100060004250901037000000000390604078620138045
009000700000256000806010204070103020093000180040702060907020803000471000002000500
304007801008009000900006045793000000000000000000000386850100002000200600409700108
006000100070901060800256004047090850005104600013020740300465007050309080009000400
800000307000001020905600000100004050007010600030200008000008103040700000608000002
500816007000009100080023000768000002305000706400000593000560020006200000100384009
060804001508003070010007200300000864000000000874000002002600030090700406700401020
000000000030208010002030600209801705008090400060000080300607008970000042000509000
602080901030000020801205307003806200200070009005902600106409705040000010507030406
040320000869050000030000800900032000120506034000740002006000020000070685000064070
009020078030006020100000940307600000400007000000001003004000060050090004000000000
970040038308090702040000090000854000150609084000271000080000060402060507560010029
030009040000000300051007000000310024040752080170094000000400250003000000090500010
002000100600509002090000060074080920306000708018020340030000050800901003007000600
090800000310002050000569000908007530002080600067300809000235000050400096000006070
520000801009008007600910020090030700005204900007080040080051004400800100701000083
300000000078090304004060800010004503906000070080003601001030900092040106800000000
006739400080000060300000002500473006400806005900521007600000004090000070003684500
700000001040361070010000060087040250400080007063090140090000010050419020600000003
000010030003847600010050000020000080958020003030000962040005007100709040000081306
370809046200357009000206000736000518020000060458000392000402000600783004940105023
000000000324000781700040003540060098013405260670090014100030005439000672000000000
364007002000910304010600008600000750030000020075000009400008030701094000800200497
010000030370905012400020006040501090000060000060407020100030009630809071090000080
010200600060000012702910300000080403006409500408020000009065708670000050003002090
080310570201090003300005090005000004490000025600000700040700008700050602036024050
008000005310200000000500910037080060000005702082010050000100890470800000003000004
054000780700109003003508100000060000000402000008307500800903004060000020002685300
058060000090280057000501009003906740960000018072805900100302000320048090000090380
000604000034090260507080401096000580000509000051000320103020906025070130000103000
560408039230501087000020000810000045006010900940000013000090000790206054120307096
000346000063507120008010300600000001305108607200000008006090800039805410000471000
036070000070106395012000608040507010100000009020401030704000580861905040000040960
700030008010906050000578000006050700008000200150020034009201800080000040003000100
000701000006050100030924070104205603057000810203806407060149030009080700000507000
027034000940000000500160000009400002702000805600003700000016009000000018000850630
562701900070050800000000100000604015000020000120805000003000000006040090009203461
560900010700104005000300700315000080000060000020000157004005000800209001050003062
070305010980000057005040300490070023002403700310060084008090200260000045040802030
004102300070090010103060409600708001017000280800604007209070104040080090001906800
000840070400700800098012300009000063502000704640000900004970530005004006080036000
009403200700601004080209010000902000950010086000508000060805070400106003001307800
000500890000010027090003006000701500054000010072009004008430000000670900000000000
078050490300801002906207503037000910500000008021000340102604807600105009053080160
005701200010568070400000001130080069050409010720030058500000007070854020006307100
008030700004902500690708023032070640100503002065080310950807064006301900007090200
000005002015030800849000100003001050000000009006007010938000500024070600000003004
900000700060080900003047026000074800082605140004810000530120400001030050009000008
003050602000200005006810000080000903070598020601000070000071200100002000402030700
002001400000400680407002013090006508000090000306700090260500807048009000003600200
000206090000000000060001000080900100005000300007362000009000001046007080700043029
061907820004000500200508001805030102000205000106080405900306004003000600052401390
000000290701005300680100050030207800000000000005406020010002048002800705097000000
700204001002000400000378000103706205007000900209405603000532000004000100500901002
005687900000951000700000001840109075570000013610405089400000002000512000001364800
806734501007000600010609020070050030300000006090010070060805010003000200109362407
030500000085040096001300450000000502090070010608000000014006800560030940000001060
004103600070408010800679005365000129008000400241000738100945003030802090009307200
000436000008907100070010060290000016507000804860000037080070040006509300000624000
007000900403060801000479000024603180900000003018907650000294000109030402002000300
050907020901000405023000680500080006000396000800070004019000540304000201070201030
010408030200679008000020000120090064084307510360040089000080000400712003090504070
028000340790040058600050001000714000012905460000682000100020004250070013073000520
000501000012000570045080910800915007007806300900237005039050720086000450000403000
709020006050060720020009001004090000390702085000030100800900030043050010100080904
006305400009080500530209071903000208050000090207000105740106023002030900001408700
562403819000901000010000060009102500040000090007506100080000040000204000491708256
500000400002090000040508002005004270010000006008300100600805700000900043003040050
020070080900208003000394000095000230807000605061000870000741000600805007050060020
000394000010070080005008900507030001180205073300010809008700100030050090000986000
600507001100090007089040320090000010007201900050000070013070240900020008200603009
009030500030000040600598003003806900406050708002703400300189007070000080008060300
090506080740890056000000000800601097070000060610904008000000000320068041080105020
010200500060405913750600000070000165000000000685000040000002031427309050001008090
172030000803005009560000200000070006600359000020048500006003020000000987090800063
053040780700000003090703050069080270000607000078050360080902030600000004037060510
009020300000359000405706902084000160090000080061000720608905207000842000002060800
000734500060000000405060803204007000000408000000900208603080107000000030009573000
041000670520467018600000005010536090030708020090241030900000001180354069064000750
004026000000910040350000000000780009000604021040095060267000003009300100403000200
070090030910000057003407600001204700300000002002908300005302900430000021090080060
000002700012800050300079020608040030003208400070010609060390002020001360001700000
507000201001040900930002086008509000040000050000401800310900078006020300709000102
800700602000000100470012000007531009005409700900276400000890016009000000208004003
012000560504070802670000013000306000050040020000208000280000071901030206067000940
600000004012030560045207910006709300050000080003608700098506140034090670700000005
007205000030067080000900003640000201090010060301000097800004000050670010000109600
001000300000259000409700008032080060010506020090070810500007901000621000007000600
006500010070060920003009000000100680018030570067004000000900300094010060080005100
052030890009040100030060020000703000005010600000694000000000000160000058804000706
210003000308007000070184000004000879007090200859000300000859030000200405000400062
400305009080602040006080200790104086005000400240507091009010600070206010100903008
000600078058900600406050000001023040000000000090780100000030205003005760910006000
210000500000086090000905030400079005007060300900850007060308000030590000004000013
001000200000247000200106005056701380080000070013504620800403006000695000004000700
006200048810040007000000000005400020030012700009700060000000000690030004001800035
900504001034000820500010003000786000690000087000149000800020004029000560400608002
080020060609000702000509000500902008001406900200307006000204000302000401060070050
102403907306000804070000060005317400000000000004259600040000030508000702603104509
100000009609802305078000240000305000900684003000709000062000590804503602700000001
005000100007060900130409068009612300010308050004795600560904071001080400003000800
400000003028000000039512000007401200003050800004803700000274590000000370600000001
003605700007000900890030056100709008008000200600302004480070012009000800002408300
005400000000023000004560201060080307071305860803010040706038400000640000000002700
000000000305678102690000078009387200008040600004165700950000067403826901000000000
980030067100706009007080300050090020708402605010060070004070900600903001890040032
020089000603002000089100000004090013200803006310060700000008370000900604000750020
000785000005906300060010050520000013901000407640000098030050060002609100000427000
007050908000600100400001023020030500600508004004060010180200009009005000705080200
001000900023010570500293001702030609030407050406020307100378004097040830004000700
002000800078402630000609000003060200010090080004805300800973004050000020000000000
067090000002704005000000082050608070400070008030905010610000000800309500000080320
090000080102000406000812000004905700010070090009301500000524000208000901070000030
708940020001002008003087000000000390000650701000370002000000285120000000060000007
030096082000102040090000060400750000503000701000039006040000020020403000370280010
450600708000100509931500400000000845000080000829000000008001654105009000306004081
006200580200893000700005004073901025090000060560407910900500007000149006054008100
075684910102000408000070000040803020001000800030701090000030000804000306053416780
050006930280000067304009800405602000000010000000708406007800103510000048036400050
300050100000100070290000830080900000000268000000005080039000026010004000006030009
000004350000010708000035014000400809025090640407001000740520000209040000051900000
000146000890705036005000100080903060000000000020408050007000200360507048000392000
900070004004296700080403060049000350250000097063000410070109020005682900600050001
400850020005000000013900008907200430200007000000098010000600007100702059002000340
009160200004058000700300056040000601270000095906000040460002003000630400003014700
070905040540802037003000500910203068000000000830409051006000700450307096090604010
080500300029040086306800270000000608030000040805000000068009403570020960001005020
097010580005000100010070090200809001000102000100307004040030070006000400053090260
040600000607910800091030706470000000053000080000002900034007010000040328006000040
000000001068700000091230050059006000004000003000300800000003480002000915800050070
000479000000200305009000007026890000094000170000047620900000200308002000000384000
030000050807000301015283470001904800008000700009308500082469130706000905090000080
092040850000080000056701230913000472000000000785000916068103520000060000031020760
000000000079030000405209007008010070046805120050060400100704602000050930000000000
000000000073000480056807920009342700000601000004958100027106340015000270000000000
109468503000000000600010007900807002203000609400609005800090004000000000306745201
009800050070000408500067090700090500006501200003070004080150009607000040020004600
009004100040790050700006004602309080090000010030405602900200001080041070004800200
700000005025070840034906710007502900040000020009308400068209570052030180100000004
009106300060080040700905002204000506080000020501000703600402007040030010007801600
610904023805000106200561009000090000003402800000010000100756008302000907780309051
300954008060000020000126000705000201801070509206000703000819000080000030400637002
060000030009000200100603009600507002702908305400102007900706003003000600070000040
609030800000900400405008071060802100800000003001503060190200307007006000008090605
067401320400000001100657009501060204002705800608030507700289003200000008089504760
015000400000170000079008010720060031000000008450090026097005060000720000036000200
000000000007090100890356024560000031103905802240000079680427013004080200000000000
100000006000389000078000920050702090802000704090508060024000810000127000600000007
000900130670500840380000000000010078000609000160070000000000012012008054047001000
600090000050041630000007900200470003840009010500160008000004300090082450400050000
006007040000230000590008200065000010800000900034000020210006500000790000007001060
000100560907450000100070030000703096049080270670904000020090005000062703065007000
720090048630040792010000000000461000850907013000538000000000060462010075590070034
600309005234000679000000000045010280070060090063090450000000000721000534400207001
002570103300900000081030000007000004600024300009000001078060000900700000003490706
105030702007201300290508046072805610600000005051706830720309081009102400806050903
005308200030090050800402007907000603020000010508000704100205006050080040002107900
400070003028305710030000050060937040800401002010258060080000070047106280500080006
040002600006310005501070840100000020079000350050000008068050401400037500005400030
000000000470136029520408036600000004040781090700000001360805012810642053000000000
010030080600000002003506100007819500900204006002653700008905200700000005050040060
000000000047931520091502360074050810080304070036080240019605480028143650000000000
710803006000025701040060000850000004073000610100000078000040060501680000600501032
003960000070008030802004500300600480700000003015007002004500801050800060000096700
020005090906702304030001080459000070000060000060000149040200030308409205090500010
049000081500700004700904000076103200000050000002609430000802003400007009930000670
000607000061040530030519060706000205019000370304000109050971020072060490000408000
000340900016050008200001007000000470000502000083000000600900001800030250005068000
617000000500670090380200000000800000000300010000561730002000006800000109160000372
070000020500000008089405730790030062100206009240090087052703810300000005010000070
001020500030715060600000004020571080970608031080293050300000002040187090009060800
002058007040000080008902300210004705580000006000000800000000102060081040000079000
600020005100408003300905004010040020007601900030070050700103002900206001200050009
000809030490010780023700900500000207060000090908000006006001340082090075040307000
800630001010020080005800600000902708170000056609705000008009100030070020700048005
014090670380000012607000305000675000400209001000841000809000206540000089062050430
045802910000050000030000050063784520080060090054319760020000070000030000071608430
000700580509060300670000090000906004080020070900801000040000052001080703057002000
020040700013000026608001530001608000800000002000704600067800403290000860005060010
