000000000008539200090806070012080360050907020089060750060203040005678900000000000
000000000030806090802000506500070003300208005400060002603000701080407020000000000
000000000072603950030090020800000002000574000100000004020030070068901430000000000
000000000076205940040186050053000690008000500027000130030769010095804260000000000
000000000079802640000976000501000308000050000403000502000495000085703490000000000
000000000082000540000416000300908004007000200600102005000384000064000190000000000
000010000008507400049000650070020090200704006080050010027000140004605200000040000
000010000100932006006000400060000030320050061070000040002000800900521004000040000
000030000013040720000201000100000009800569004400000007000408000069010340000020000
000030000018609350040508020092000830600000004074000560080306040026401780000090000
000030000390104052200000001008090100040000070009050800400000005650908017000060000
000050000085000190400000008500040001009801700300090004600000007017000260000030000
000050000150309028900000003007010900015000840004060700400000009280701054000040000
000050000703206408020000030070010040200000007050030020030000070502807603000060000
000070000006541300040803060078000590620000084094000210030405070001927800000030000
000070000007609500080305010078000960400000008096000720060108030004206800000090000
000103000027406380030000020002000600600000004009000800050000060081905230000704000
000105000045060130030040090600000003000709000500000007050020010086090350000506000
000204000004708900021000840360902054000000000540107092085000730002506400000803000
000206000006351200010000030120607089060000010580103062090000050007935100000804000
000208000004365900030090060390000072076000530840000019020010090007684100000902000
000256000060104080002703600328000147600000005459000236001605900030401060000938000
000308000002451800030209040218000637040000050753000924020907010007135200000602000
000309000009408100038020790960000042002000300150000076086090450005104600000805000
000403000004597200090000040930080074060104090410020038070000010006378400000901000
000471000001000800050208010709806201100000009508907304090104020006000500000562000
000483000004702900078000230410000098800000002230000016083000450006805100000934000
000504000030000010204000503800000006000395000900000007502000704070000030000608000
000509000006407200070060010930000028004000100260000037090040070002106800000205000
000607000970080026100000003002405600000030000005209800500000004830090071000108000
000638000003201400060705080475000138300000006619000245050307010006509300000462000
000803000009257100070000020410000057060000030590000046020000070005926300000508000
000804000001209300040010020350000049004000200820000017030020080006903400000607000
000805000230000017000030000460000079080010020310000048000050000570000034000209000
000814000004903800070602010429000158700000002835000467040206090006701200000435000
001000700078309620490070038010020090002501400060080010620050041057406380009000500
001000800308405601000000000030090080600030007070040050000000000803601905009000200
001050600000107000804603502048000720700000005052000890507409301000705000009010200
001060500203804709000000000800070004020000070400010003000000000504203907009040300
001070200007905400940601087093000140500000003016000570750309014004507800009040700
001203700070000080400809002902701605000000000806904201700405006010000020005108300
001506700002080300950020041200000003093000280100000009620070034005040900004609100
001506700040000060800904002403050806000301000507040309100203005020000080004807200
001507200050000040400609003208060109000301000103090605700108004060000010002406300
001705400008000300420000067200496005000301000900872003350000096006000200002508700
002106500010307080700020006170000094008000700690000025900070001050409070007801400
002703600000060000608409103509000207080000050203000409107305806000090000006801500
002705400030201090900000002240109057000000000850602041500000009020904080009503100
003000100000402000200179004012080730007204800059010640500743008000806000004000200
003010600000805000100406009098070240600504007074060910800903002000107000009040100
003405200000000000900621003502906704006000500309704102400897005000000000007502900
004000200025000830000060000600040001400675008700020005000050000031000450009000700
004000600806704105000206000600010004030000010400060002000309000205107403001000200
004000700001439500650000014040106090030000020090803050960000041007295600003000900
004000900050496020000010000100000002040801060300000005000060000080972040005000800
004060500000209000500301002052000980700000004046000370400103008000706000007020100
004102300000365000700090001310000065087000190540000073800050006000814000001706900
004207100008040700750010049500000004023000580800000007630020091009080600005709400
004509200000000000902080307100607003009000700300805002506070801000000000008902400
005000300200070009040608050007000600020764080009000500070301040300020006008000700
005010700000206000200845001046000570502000609093000120900324006000601000004080200
005030200006705400730000058070020090900107004050040010840000062003802700007090500
005138700004000500370000091500409008200000007400603009840000075001000400006547800
005207600090301020300405008814000359000000000572000816200104003050802060003609100
005806400000050000708409102402000905090000010307000608904603501000020000003701800
005901300000265000100804002518000649030000050276000831800502003000748000002603400
006000100920406083000020000040000020500080009070000050000090000130207064004000800
006000500590000061000020000300402005100308006800609007000080000280000019001000200
006080100005702600820306047098000370200000001051000820980507013003401200004030700
006080200001602500850901067019000820200000009087000140520108073008204900003060400
006090100000265000800703002047000950920000046085000720100602004000859000008040200
006173800000609000200408001612000984300000007478000513500901006000302000001567300
006408500000000000400731009903805102008000300204307605100276003000000000009104700
006803500030000080700090001600508003007000100500104008400020009060000010008609700
007000500090070060300206009006090700050704080003050200500908006030060050004000300
007000600590703018000010000070040090900807001010020060000090000650201047001000500
007060900008503400960708021084000390100000007079000140320406019001305700006080200
007302900000070000306104805901000402060000090504000608703908106000020000009406500
007306800000010000200809004506000701070000080302000605900604003000080000001702500
007605300000403000300271005582000943004000500639000217900516008000708000008309100
007609800000020000300815004502000608073000520804000107900534002000090000001708300
007801400003070900260904013405000109070000050809000607780506094004090800006403500
008000400064102890000070000090000030000503000070000060000050000045306180003000600
008020600002307100170508043027000460500000008096000730760203094004905300003080500
008201700010506020200070001570000012004000500920000037100050003080409070003702600
008304600000080000700125009401000306087000190906000405800247003000030000009608700
008306200010090050603501708301000405070000010806000903902405807060080030007903500
008405600004000900730000024600351008000709000500246007890000032003000400002603800
008405700000080000205603109804000305050000090903000802701302508000040000009801600
008504900009060300320109065503000204070000050802000106280405037005010400007608500
009010200600507008000000000080020070130000046090060050000000000400608007008090500
009070200050000060300506007005102300200000009001605800500903001080000030006080700
009070300052000670000040000800704001000000000500806009000010000037000250008020400
009703500007080300430000027500602008060000070900801006620000083008060700004108600
009805700020609010400010008950000072003000800670000041700050004040706050002401600
010000020906000304027904810003605200000000000009701400065407190801000703030000050
010060070200307008007508600078000510900000006041000790009402800100906005020080060
010208050204000901070040060300704009007000300900306005040010070108000502090805030
010306040402908607060050010340000028005000400870000036050030090103509704080201060
010705090709601208020000070470090081000507000950010037090000060107408309040903010
010805070800000005005010900200050009009102800100080002006040700400000001090203040
015090280200306005900000003060040030100702008040010070500000004400908007037050890
018206570700501006500030004270000058005000600160000043400050001900103005051402930
019000780300000006507801309006070200000109000002080400905307602200000007061000530
020000030300107009009683100054000370008000200012000950003265800200701003090000010
020000050705000306038607210001030500000504000004010800047802630806000102050000070
020040080800906002001702400074000510100000008082000960008203600400109007010070090
020090010600405002007206300056000140100000005038000690002904700800703004070080060
020107080805000706030080010500070004001803500600090001050010090107000408090204050
020307060705902803030805040159000724000000000467000381090103070302704608070206030
020761080900504006000309000159000864200000001874000325000908000700402003090653070
020807010405301908080000030240000085000000000810000096030000050508206309090504060
021080470400701005600000008010802090700000006040503010100000009200908007065030840
023000560600305004100000002050837020000509000070261080700000001500702008082000650
023905870400208006800060002960000083007000500310000024700030005500706008038402690
025407890800501003700000006430000025000000000260000047600000009900206004054708630
028907450900000008601040902100804003007000800500602004803090205700000009096401380
030070050600205008005308700023000890800000003074000260006809300700401005080050040
030209040200301009004508100492000573000000000673000218005802300700405001020607050
030245080900060002000309000401000905860000023307000408000908000700010004090734050
030405090507000602020000080700284003000106000200753001070000010802000309010802070
030502040200804009004000100950080016000907000340060027006000200700406005090708060
030702010100000007008030400400305008006000200300204009009050600500000003070609040
030806010400301005000050000590708032008000600270903051000010000600504003050607020
030876040700409003000501000523000196600000004914000758000103000400207001090654070
030905020700030001002807300206000903040000070805000604001409500600020007050306090
034902510800405003500000007410050072000604000390020065100000004200806009087503120
038000490605904208420000051040802010000000000090703040780000025902105304013000860
039502640500708009100609005413000856000000000628000917300805001200401003071203590
040000070800209006003508100035702860000000000089603210008407600700801003010000080
040108050903020807010000020600807003020000070400203001090000080204080905070409030
040201050206409108010060020380000091007000200460000037020010080801503902030806010
040603090100000007000207000402308906000000000907105204000802000800000009050906030
040605090900080004005401300704000109090000030501000206009306400400010003060709010
041000560709602301230405097074000280000000000025000130460209018507104906092000450
042050310100403008600070004010000080907000402050000090500030006400502007079060520
045000370300407001600502009038000490000000000056000710400705003500301004093000650
046305290900702001100090006260000089009000100850000073600080005400901007098206310
047901230300080004900406005509000402010000070403000501700604009100090007094305120
048000260100608004600000008030249080000807000080163070800000009400301002092000630
050000010106000307030608050003206500000000000009107200060802030508000904040000060
050000010300892004008000600020040080060307040080050070005000300900568007070000060
050000080807000604010308070003746100000203000001895400090607010108000506020000030
050020040890307025000509000038000510500000006046000380000903000160405098080010030
050020060106090205070306010004000900360000057005000400040805090903070501020040080
050090070300000008007108200005601900200000004006302800003506400700000002090080030
050209040900305001002608900249000563000000000163000789005403100600801007010702050
050307090300050001002104600405000906060000020209000508003406100700010003020708050
050602030309508206060090010430000081006000700280000064020030090604807103070901040
050802010908000705010000040100309004000000000500106008040000020703000506080607090
050802030320050048000409000507000401060000080901000205000206000240080016090703020
050907010609508407080000060970000036000000000340000081020000050405809603090305040
053901680700206003100070009610000035004000900920000071500020004400607008082104790
058000260100608004900703005031000480000000000026000570200805003500907006047000950
058070190100040005700905003002000800680000039003000400300704008900060001075090340
060000020071402950400000008002010500000308000009050200500000006097605840040000070
060080010709601402050409080046000170300000004018000620070502030201908507090060040
060402030400305006001706500659000387000000000813000642004508100100209005030601090
060407090024000150000000000700208005030000020200504003000000000079000840050809010
060803020400020005002504900206000401010000050503000208004108500600030007050207010
064000510200104006500206008057010260000408000046020980400302001600701009013000820
065104920200000005400805006307000809000000000502000301600702003900000008058309210
068709320200306004300502007936000472000000000582000613700601008800905006029804530
070000080200507003003010700050000030980070054010000060008050600400903008090000020
070000090305708401000030000006070800000195000003080200000040000508907603020000070
070080060904206508030504010027000980800000001091000270040802090209107804080040020
070218040200307005000060000460000059903000204780000013000030000600809002030142060
070305060105000702043000590500020003000804000400070005061000840704000209090701050
070309050600000008000651000204503907001000500805706104000947000900000003010208090
070901020300805001001000500830109074000000000720304019008000100100602008060508030
076000850100507006400060002020308040008000700030609020300010007700205004062000910
079040250300070004800509007008000400740000086003000900900802005500090002082050630
079608520402309601610000093830000019000000000190000057540000062903204108087901340
080020010601905802090801040074000580300000004012000690050406030106207409020090060
080060050903000401040309070002010700700506008009030500070602030306000204020090010
082000310410703028900000004060401030000000000090605070800000005350804062046000180
082000740900402001100000005070050090000803000060040070700000006500709004014000930
089000730500903006700508001045000270000000000096000510900207004300106002052000160
090000070602504103080602090013000540000000000057000860060701020104806907030000010
090080070200906003006203100039000460400000005052000310003102500600705001040030020
090108030270030098000209000809000503060000080107000906000407000480050029010602050
090406020100307009000020000240090056008265900950040037000070000500802004070904010
090503070600701005007090300280000013001000500530000026008050200300408007010309040
090807030300206009007000600710402096000000000960103024003000100600504003070601040
092000730300407006700000009040050090000604000030080040500000004600901007073000280
092308760300907002400000008820604071000000000610805023200000009100206007053701240
093506410500901006700000008380000027000000000210000089400000003100807005078203160
095000340800090002300204006009040600020105080008030500900406001100020005052000490
097000630800010009100604008004108900010000040009302100300509004900070005041000790
100030009048601730000000000002000800800409005007000900000000000074905210200060003
100070006008206300090305080023000410800000003049000750060408030001502900900030002
100302007007010600090605010806000204020000070705000108080703040003020800600508002
102000603000607000600309008067901580000000000094508310700406009000102000409000106
105403807004080900380000021500609008070000090800105004240000086008010700907804302
107209506000401000400070009510000097006000800830000062300050004000704000705603901
160000024300020009000706000009401500080000090006802700000603000600050001490000036
190050032200709008000301000076000310900000007013000280000506000300207004620030071
200000001480050029000906000030000080500702004090000010000105000170040098600000002
200010007009206800050907020012000490600000003043000170080409010006105700900070004
200308006007000200050602070906040705000901000305080901020509010001000400700104002
200608004094205670060000020920060057000803000850070043030000080012709530500306002
200805009004000500030070020400050002008206100100040008020030010009000300300901006
201904506000010000405608701607000908050000070903000605106205803000030000304809107
250000087100000002000297000008040700002609800004020300000951000900000004720000035
300109002007060100010508060903000706020000080108000205040901030002080600800604007
300507009072109630040603050795000824000000000614000593060702080027805460800401002
300601008008209300020000040490060032000407000850010074040000010005704200700102005
301000204800247001000000000008602400009000500002108600000000000400819007903000805
301407802000050000200801007906000201080000070702000905800704003000020000107509406
400000001050308070006000400001080300070050020003090700005000900030209050700000004
400080006005603100080000050030207080200000001010805040050000090009704300300090005
400209007002605400080000020720060018000501000310090074050000080003108700200907005
400301007250000084000000000007080300000905000009070500000000000340000016800609005
400506007005000300030907040906000203000020000107000405060103050001000800800605009
480602079700903002000050000320000095005000200690000017000040000100206003970501084
500000003000509000040080060001000800209000104006000200060010080000204000300000002
600070001041000390900000004000506000008000200000109000800000005039000620200040007
600308005001000400050402010506804203000000000304207901030906040005000300900503002
600504001004020900010309060401000609050000020906000503040702090009040300500901007
603000705000703000700050008040938070009105200070462050800020003000501000907000601
700302005004000800000901000080070060009000400020010080000607000005000300100405006
709506804000301000800907001986000473000000000471000295500409007000103000107802306
769804152400090008800107009108000704040000030506000201300605007600070003975301426
800000001000987000004000600010090060072030980050040070009000400000821000200000007
800000005209000704000509000020030040004000600030070050000806000903000208100000007
800090003002601700010302060025000840900000007087000930060704090003109200500030004
800503007003010500060209080304000806010000040607000905030405060002060400100908002
803204105000060000900708002201000608050000070709000503600103004000040000305907806
900000002237000496000090000050080070000709000060010020000070000176000354400000008
900701005008000700040503090201806504000000000405207803050302080004000300300604002
901805607004000800820000031100508003000000000400902006510000094009000100703104502
500000003017000408023500600000100000090803010000007000006001730409000860700000005
600200890010060005003040002100008000059000280000100003800090700400030060027006009
003609010800000004000180006705090020080000030060070109400015000600000005050806400
005204700600000003004609500500080002910000058006000300200000006008706100000905000
300002007006034200200000930000040059400106070000290000125000040007000000004050708
096230000020090000500006900000007500900000038007000006100300005000000042702040300
007050010010003906200806030009000360700000005036000100040302001903400080070090600
750000010003001045080000006800104000900003020100907000040000003007009068560000070
500092800270000000004001000000518060009000000006007040030020170800060000000800000
040000060002010700109000205067108320003020400025407810206000103004060500030000090
008000000030700205006012009071208400000060000004507910800920700407005090000000800
000905000503020406092000810209000604000604000408000107026000530905060201000502000
013004057290060080000003000000000092600000001170000000000900000020050038450100270
000000002000008400406012370120007040070000005860004090201073560000006800000000001
000000000080040060004000500390060014001000200002908700600080001920106057000509000
000869300040000080609045700403000006806000901700000804007980403020000060008426000
001642300070901040200070001610000027503000109720000036100090004090407010002185700
020030000138000700000010600500007804004100006900004107000060500891000300050090000
000060000056803470013000980020546010800102007090738040089000150042309760000080000
980000056140060083006070100000703000073010620000602000004020900620090014730000068
072090460300040009800107005003000200420000097009000100900504002200010004046080970
920670001000000000008012304016700000500043000084200000002091406000000000730420008
060901030050030080300000007078020510000000000940605023030000090000709000200060005
480070300100000060000830490010007000708003200030006000000160750600000010890050600
800009040059001003070040000000004028007000600930500000000050070300800150060100002
006804100000501000025000480003060200001709600500000008300000002000000000080972010
190000680300070092000020000000006000079000058000400300700002005980050076050060910
000450001000060035002370408008000046001000300240000100905037800160040000300025000
400030008060000203700010050006003020040100830009007040600080010080000502100090007
000324000003000800056000120300708002100030005900501004098000730002000400000693000
030247000500000600002300070907000040300005000600078000080000300003700025000000097
700459000800002007200000490000007200408000100067100000000070000910000020000000956
000400781070000000008070004200000697003060400000001008500180006800700040401906805
090403060005000300040010090013050940900000008068030750030070020006000100080605070
200000310000081000640020000107050400050608001304070800490060000000019000800000970
780000040400090013000200600003680000020407030000059700009004000850060004030000069
000010000800705002370692014006301900050000080003508200590286071600107009000050000
040070001100600800000102760013500400600000008007006190065901000001008007400020010
050000000200130500070059040060000795700000003328000060040890030002016009000000080
700030006006070200030206070007583400890407062005692700020108040008020600600040009
001206008020901000000800900004000083095000000007000249080614005506080030010000000
010305060000108000040609030800000009001207600006000100009050400000702000650000092
400000801080100060100509000009020640000698000028010300000301006040006050806000007
012000560040020090603070402009000600000839000007000300301040908020060030074000150
004600002090008100600020045100002400007000000080709003020900800001000006906001050
240800056850000072000005000008259003000706000500314900000500000730000041910002068
800000020072008034090230500003406010005000600040902300007093060320600790060000003
000006030020010005000250000005008002072030980600700400000079000100080060090400000
540602078070090030300000006003704500400000003001203700100000007020080050830107062
800000030052000096040002000000003050000008009004270300000009508510400000060020700
060219040310070068000608000408000902790000034603000507000306000930040056080952070
200050007501802304040000080302000608000020000107000403070000050405701806800030002
002030500890400000003287401300000200025000008100000600006872105410300000008040300
000900008070024903010050000000000090000002000008006024200070300005100700300000000
004060300000104000209080104050090030802301607060070050105020906000806000006010700
058700203000010009000060000073406800000080090049102500000050000000020001095300608
000900006040200000008740023391000200002007640000090000000380500003020007805000092
000800000003020690250006070071039000060000010000170340090500032036010800000003000
090260700020000030006400002015300000002080004000009508007051900030008027000000000
000060000050800060609512008003900600005000789004700500406158002090600030000090000
000003008001008093040007020000400005000001000913072000000000060075000809190200050
007009000000080760230500000050270039000000008080340026470600000000010680001005000
000060000060500103000290056840000700070020040006000032310057000408001060000080000
030040080680901045009080200090000020208000506040000010005030900960208037070060050
000094000092300006400018530706000005000000800809000001900035160051800007000049000
000000200000850004100302058910000300002490060460000800500908037000740009000000400
091030670200806001300000005010309080900000003040102060600000004800604007024090350
081900000502300870730080000170400000008030051000000740050008097010095200000070100
000900520010004038007080004100700090008000400050002006600010800720800060091007000
000800000485070000023400700900004000000260010000780903010000430302000890040008050
074890000100306009009000200010060005720000060090070001008000500200408007037120000
089000000074500092005000368000906020000010000010705000293000400560001270000000580
006080010000000200900061000500000004000000130804270060000300700240000000000410090
036040700070000002900005000109600004000000018000000030000302000007400025020090070
904580600000700000003006100012000070070009060040000005006005090208600004000010000
051070390860030024900000007000206000640000081000301000300000009470090012019020670
800020007020703040007000900060050020002304600090070050008000500010906080600080001
009260400030080060500900003000010302340708096601020000700006004020070030008032600
200090400000306790000000800040005000500000030010403000164000002030070000000000605
178000356056070910000000000300702005000691000000030000200000003690000041030459020
020906030600105004901000507090000040000468000060000010208000403100803002040209080
400006780000700014000034002040013607000042900600000020000000000510007000070800005
000000003006000978081003400000000020000032080005041009068000500090420000130008000
102090047000600009709005000020903400900000008004806010000500604400009000850060301
000643000000002300006800510503000087400000001810000203058001600001500000000987000
060010094000005800004690000700200005000040730600100008002570000000001200080060071
040000060760408012052060830090000040004301200005000100007204600400000009029030450
080702040010000060260000058000000000903601405608000703020000070000090000000427000
708500004090003060005200801050000102000000000601000070506002900030100020400006703
000008200000003090803502007008000342002800000040070900904027100050900000001000600
000092004000301000000000789046005010105000907030900560562000000000509000300240000
009008302010590000270000000000200400300019020000600800850000000030870000002006907
000060270500780010700003400800005000600010002000800004008300009040071005097050000
408009000006003850230005090000900712000010000781006000070400028092500400000600109
050240000200090100004001020100078600830904057005620001010800500008050002000062070
203000801050000070600912004005807200004060100009104700900648007080000020507000608
001070800007825900000104000056000730070503080093000520000607000004359100005010600
501709000000003000208015000800000274004000100712000003000290401000300000000608305
090104020002000600700203005470000059903000401150000072200508004009000200030601090
000010000810507046030000090002060900040030010070000060006208100003000200004301600
004001008050830000700020000001700204065002100009300506600070000090240000002009003
006010700001925400000000000058000620030000090070040050200708001004050200500000006
020010000780004000000697800002000910108000203034000600003975000000100075000080090
080007004704003000030600000003200070000080360160000408000071000000860090500009000
020901060700000003019000820200103009008502100900406002064000390300000005080309040
007000100009020000204708936006070300030906070005080600451203709000090400003000500
000901000900000007004070800002106400090000010003040500035702180107463902000000000
000600700007000020080014006800021400004803000003465900100509040030000509005000010
080000000104507000067380000078200090002000700030006140000091820000602403000000050
005806020009000057120040000200508006007000200500902008000060034360000700070309500
020780004060010007700000002009206400840190605006040000000500001090870000300000800
200000060006080104400056009052000600000002008048000700700018006003070205900000070
600002304003050000405009710509000000020000080000000107067100503000070600104300008
706300010000070800200890500600900708000130025400500601900760100000010200108200070
708500400029000000340000002800102900000060050000900007500800090000070630007006000
020405070068000350000106000300801007050000010800204006000302000017000940030907020
020731050900000007000020000208000304100000009000050000490205078580090032000603000
000004090304506000000090040680010070009435600040070015070050000000109407050800000
000106007000040030350000081903007000000300009060020050020000068000509200701000000
306120700010000000709000004800910000500600200000000370900032000000007050004000006
530007000807030020002400000020005003009720040600080900003090280000004009400800036
000560004010000200406201000674000590008000700025000468000905601001000080900078000
009000000004009207000560980013400008000070009098200005000850730001006502002000000
005600000070010000089045000006008702050001000000300040030000090000872300800500070
100000070000060904040008012007090000030106050000050800580600090203080000090000007
430000091000981000810305076000070000003000600126000758200030004000106000060050080
080000430930080005000007001000094100040301070009720000800600000200010084094000050
004107500700408003005000100300080002000000000091000730000634000620000087000000000
800002040000500000415000090207105900008030007309804500531000080000400000700001050
109740000030006700506003040300000590400000003095000004040600302003400060000075408
003050700090000045005806000040510000306000901000069080000604500780000010009080400
009004000081009370240000090000907023000000000410605000060000041073100560000800900
004000100002070600600201009040715060050000070060328050500904002001080400008000500
003620000002000396008503000000709408600000000000304201006907000007000583005830000
070589030500703006000040000460020017207604803980050062000030000800401005050872040
002000800050000070609000305020603010003109500000040000000060000130207086207504109
060090004040000020503604000000900002000078369000500007108703000020000080090080003
003700050000065107500000430200800000080000006090000000076000080308000740010070003
090700340120000089005000002060010007000902000700030090800000900210000063039004010
756000941000040000000000000067105380800000005005000600500080006008407100900050004
540000061960020038000806000009402600050030020003509800000901000730080095190000082
003009100010200030208000507100847050000901000080362001301000406090006080007500300
300708001690104057000050000020000070080276010030000080000040000250301064400602008
000000670005001009060093002000040730001507200076080000100750060700900800024000000
002094007040000020900670100003000005206010409500000300008065001060000050300840600
083000006006075004205080000000001400030004607000003200104060000002037008098000001
050007002006005000040031000200098005003000800800740006000210040000300100700500020
500000001038010420010000070940000085300802009180000064090000040074080150200000003
010420560000000090050800004001000020320010608005000010040200006000000080080740350
020700500030200097600095000006010039009406700580020400000670008760002040003004070
008902400001000600240030091100705006006000200400203005390070028002000500007104300
030060020005020100800107005280000053000000000350000047600203004003090200020010060
090000060067003000000000008000007080000580000013000200070000000120040903000620001
007080200000306000030257080700402005003090400000000000506108703071000540309000801
790200000420500030006008000570006200000050000003400057000100300060007024000002095
004000600090000080050628010000207000307000501020040060031000850400305002070010030
301000208000802000200040001090050030005784600070020050800070006000106000706000403
020010060900803002000070000190000076050000080007080100300090001600000007010705020
000000460000000032000490078040930500900207006007081040370059000190000000062000000
070090000010400670400700900980300000700000009000005083006009001051002090000080020
005406800000090000709000406060207030003000600970000051300000009000605000020914060
008001004007208006000400700084000052095007100031000067000100800009803001002005003
670003500509760004030000000060000095040075600900028000300050000000300001050200078
300500001000800400000104900896030000000600309001000008084010590000000602100059040
090401030500000001024000670400060003080507060000803000043000750070000010005709300
009008000001590000000047091507000080063010940090000605610870000000062500000400700
309000400080000010100490008008031000003706500000950100700089005020000030001000704
006010000000002960030006072564100000000060000913200000080003096000005740009080000
020070040010000000000008125450800009700035600130600007000004573070000000090050080
900800000004000670008003020307080000060002407205040000003008090001000340500200000
200905008045000130000020000700000003000764000050809060520000014000000000106080507
901030806003905100000000000004000700620040015000000000000806000809407203060503090
000307600080500010400091000809603041001050300560104709000780006090005070008406000
100050000047100000056792000068007300409000502005200480000971230000005810000080009
010000090026000130080301050907010204800904005000060000000802000000000000401050308
050600000000048560004007103802400007000000000400002901706800200048130000000006080
030010600000090000002008390460025009008007000350064007009001280000050000010080700
300806005040030070007205300000090000062000180094602530006000800528000913030000020
000003040035400000060002010040006520000070030609200000000300000104850002000000079
600800034500000260000601000010540600400306007006072040000208000048000006360007009
000701000001834500080060010490000063023000450560000091040080070002546300000907000
000020950000050608009100247001600000950040021000002500792006100108090000065030000
057000000000325070000000800003050020015003080078000090600814002000270004004000000
007500000800460009005003400001040050096007000002030010008002600100750002009600000
006780003009000450001006970003601200400000007000204009090007641015000000000060000
506000004008900070000080000605007002000001036302004001000060000003500040407000005
407205609000904000500000003901000402205000801300090007000000000650000024002809100
050000480080910030600000002003005700200061000008003600800000007070840010030000260
050070009300000500491500000000085600020040010006720000000004796007000008900050040
040609080000000000617000934060000070080030050000701000150302096000806000400000003
006000000000206430025000890040030010610508000000060020060000901007092500300080000
200000040040091002008200000000000090051300060007510800500720100000040030003000004
006080023000000809800012050000830500308204906004061000080490002701000000240070300
010005007300060100507890400000100050000309000020004000003048501006010002400700060
100305008080000020000892000805010306001908200609050701000586000010000050400107003
010050090408000207070803010007304800900000004004902300090706040706000903040030070
500003900903460050000900006089000000400010020062000000000200004205890070800001300
500670000200030800000204060050001200701000405004900070090503000005090002000062004
050906020070050004000400050200030100980001070500040600000100060020060007090507040
803000720001200408000000095100098000200014000000000030090000057075000000000053002
040060090006401200800020005920000038000030000480000079100040002008507300060080010
000028094030004018005000000003047029700106003004030000006301800520000030010070000
060207010207010506090060070400000001019050730800000005030070050702030609050409020
010000040420905071060104080700000002045000810006000500008000900000308000070020050
000008210700310000100006000308207090060000080010805302000600009000021005035400000
020000600940080035001200000004900057090054008000070064400000000050109000060538000
900034000000052091070001040050070600000206000003080020040300070790610000000420005
009000005120080000050023001600058010000406000090210006800530020000070053300000600
027540060400010005105002000800900400530000076009004002000400201900030007050071640
100053407040680010300000000400000020810060075020000004000000006060098030902140008
408090000002005300005010000103500006600000008500001704000040200007300100000060805
059060100000035008600002005013000000260070013000000780800600009900350000006090820
006945070000000005304000000100000890800000401900001503000612000500700000070089000
060300000080072054007000600050030009070824010300060070002000800730980020000005030
007208400000070000104000703200603007070090030800107004702000608000040000008705100
027900008450800003800506007574008000000000000002604100000001709000000020381000400
045008200000500000002100086700069002906000705200710008860007400000001000001400320
080010005000007000105000076700600410000128000016003008940000803000400000500080090
205000467300104000800060003080402050003000200020305090900030002000709001178000905
300000000000361000890000670007058900020000050005620700059000018000913000000000004
892014007000000104010560002700206900106000203009401005600043010901000000300180426
007000000000096370306002001060000090270830000030000010109007006000041280004000000
002000300040023000350080100000904000093000670000807000009050014000670090008000500
834000672900070004070000050000201000500469003029000480000000000040706010008040500
008000300006703000304200791030070810000102000019030020542007903000804100001000200
000000000500804001090576030750000049004050800008000100070010060060305020000907000
003806500090000000000005106020500001709600008040200007000008403060000000007104900
100089000003400000080023000010706000806050004504800007000000062000000730000014500
600700002040060710020004500000013000701000803000970000002300060076020030900005007
300040800400000060000012307050903000200004008090107000000068104800000050900030200
058002000009035002000400079890000200010000030004000018960004000700210600000600150
240007000600040030001823000009000604014000350802000700000412500020030009000700026
028907000001053006400000008007004059000030000910500600100000002200390400000401890
000000004001200608043600510065310000000850000000000800078002960002000301510000020
306080902000020000400306008590000036800000001640000057900201003000070000208060105
006500400000046900050090078000003090017900280000250006100020009600010800073000000
200000008100000003008903100000000000005801400400050006307080904002090800600030002
470801005005047000030000001100900800054000900900200500080000009002019000790602004
000003400008100000030500062300000024640090370200000058010900086003200000000001200
000403000802050407300000006900000001200149005004608200420000069070000080600207004
003080010120000600050002004590027000001604000480019000010003007240000100009070040
900008346800040000200690000300000700076010830002000004000074009000080003198500007
052001004600230000308000900010005006060000050500300090004000305000023009200400180
000000000010930740608072950003600000040050300005100000306028410050360890000000000
651040000270006080400020000000069040704208605020470000000090003040600017000080956
800052030000000905000800410007208003900000006200603500031006000402000000050720001
060207090070601030000804000706000908800010004504000203000509000020106040080302070
040907080207010304090030060700000001084000670500000009030090020109060405020503010
740001056500000009003500400100050600000132000005090004007003900400000002650200083
000605000050000020000000000230000074805020609000090000076030210010000090008401500
028050679001030000750090000000000408002903500000000901670010000009020000015040386
300090000508000000900760045020080070700325004030040010640059007000000906000070001
000500039003010560067000000600004083080001200000280400040075000970300000300800000
260004000080000056005008009800900400000457800300800500003001002090000015710005000
207000060000004902030000010020009050180200000000170000060000003041063200000090004
000007058000000904000902700001060000000105000203078016029000600400003000750004001
000578000000902000120000089069721530800000002073845690380000045000409000000253000
080030002030006500206009040000052410000364005000170000002000900310000086490000700
000740100050000020400002500000060400807000605003050000005100009060000070001093000
800260047290034010007000600070000004680050031500000080008000400060940075740082003
200057000901200040008000003000060100320009400000030500002000008103500060400016000
008700006005000000090045072000800001002601500500002000970520080000000300100007200
000071000001308000008520340180000450209000706057000018065092100000403600000150000
000002300001307080060409005018700006000000700735000000500030290080000601002600070
206000095530020070000006004007439000040802030000517900800200000020040089460000102
100790000500004080802000400000005060309600008670030005005010600000400000000870514
009020400000500700508900231031207000900000003000306140197008502003002000002050300
000090000470802056003000800210060038900030007830040019008000700350709061000020000
201000008890500004040700000400900002010080060700001003000002080600003027500000106
042000038007800206300070090000096000079002600600500020094020015001050004000900800
000025006000600950000007120070010409100904005504070080015700000048001000900860000
704000000000500200200680050065900802001020000000006904090408000006000001000701090
600003010057010000000002007008039070021000500006058090000007006082060000100005030
800000060500070108000020500093007000005902800000300970006040000209010007080000002
193000000070000009000030240081070000000000000002803060000580007050000800007010030
200090001000108000060405070980000024000060000007080900000030000100706005300209007
000001000038500040002700560200010370000208000013070004021009400050002730000400000
100500080400008100060100005089064200040000090001830560600002050004600002090005003
009004800038705000600000001200040057000067000500800010300000068050000070006401500
000908064008000002003050000860207005007000100000605008036040810001002000500001000
003841900000000000120000078901070502000204000402010807610000083000000000007528400
000060010050000009620000000805600007000000001000031804361040000007000400090207000
104020089700000000000804006005040900300901008001030500800605000000000003640090802
680507000400003100000910000030109000070000600900006804300600200008000000500000089
000908000000201000001305700024030690870000031300010004010000040700402009080000020
020000090003601200001000300100050002250030084400010009006000900004908700090000050
100000007500800090000400800000300716000000005030010000060008300873905002009120000
000010309090084070000600008004906020350000094060407800700003000030260010206090000
080002000003780000406000008000650900900008270000230800502000006009170000040006000
000300000790510040005080010030000400100906005006000070070060500010097023000003000
003000500600000008070206030360080095094501370000000000500070009906010704000060000
078000056600710400300800009062400000040008000000071040020000390400009280907000004
000917000030406080007030400680000045302000109950000078005080600010204050000765000
706080000800500090000000000030000800002000600000040000090460100040910005003070006
000200980100930240006040000740000000008006500630000000001080000500620870000400160
600905003009000500018000490300104002000020000400703001047000260006000900900607004
005000970200489005000020008300900040590000380700001050000000007000030000900765020
040008000102000050800240000960000004000500006500091007000026000000900010710000000
060000010020040050040128070019205860007010500080030020002000700600402001000060000
400000009070030010001709200006020300090308020004060500007602800010050070800000003
702040009080075000300001000000800006560000012094000080000000301000067020400920800
050000090000730000804006070206400900009301200003007806060200309000019000020000050
000630070630070040005021300008000009762000184900000700006380400050090013080017000
003090045007032001910008000009800450000000038300006000006007024020000900000400100
070000040203080509600000003309000702500000004000802000420000051000105000008694300
000000000120090038005402100073010980900050001051080620002908700380070092000000000
700900406290150300000004000800000030020000610900000020000007000140830700600500201
015007004607030000830050000000310002041906830300082000000060058000090407500700210
008905260000000010507000000200496050000500000300708090600000300790604008000000079
000012508000700010005400703076080004200306009400050230504003600090001000602570000
200001006900407200005020030020004091100060500050200040000000900500106000090040085
080103060000000008007208000074060502001905000090080601025019300016402007000000000
107000409406901205000208000200090006070000040600010002000504000904807601803000704
078005000100300700300007840010030504000704000405090060041900002006003009000100680
400812003080000020003040500800631009504907206600425007008050300040000080300298005
300149007009000800500000009605897403000000000900506008000304000002070900040000050
000071904000600802007000560030410620500200000600009000719500008006100000320000100
760204059800307004000090000230000085007000200650000093000050000400703006570109038
020000010301000208070010030007204600500030007006070300000000000609000105810040072
009106400056070810001030600000465000070010020003000500000000000060843070030702060
520000048008904200400000001000278000003010600700000002002000100904381706100709004
604508302000020000205000701300849007080107030900632008109000803000080000708305109
000600000203500060000030800600000049704006302000302000000000003075000004090120000
000451000008000100960000075100506009005000300000347000030802010590000032000000000
708603000005400360630100000271004008000000000800902000040000807060000032000300950
000390000084000100923008050000003400700461002008700000050100349009000210000037000
009186702000200010003000800060592000080000090000418020002000500030001000407823100
900040000040920030007003400010002800350000019008500040002600300070039020000050006
500000094000001702004057080000403860009000200046502000060170500308600000450000006
002005600000009074900700500300800090009103005700200040400500700000008012003007900
089000000100005670000703001300090010900804000000050700007400000050001002608000000
000060970000702030008000000040600705900003040010050090600400810890036500000500000
500000014090000000123406000009300002000047803007800001741908000030000000200000047
000300609008000072901008040005090000700501000006080000309007050002000068000900701
600010005020305070000679000009207500006000700008904100000496000010503060500020003
000084590000009006500600070305000010400000302609007000003012004000870000000005600
800060005040030020306020809000701000793000561000000000971000286004000900000918000
008900000000830501100000806570008000040000008000600040089000400000005060025010007
000080000040206010001734200018000420905000107034000590007493600050108070000070000
005000800460302051080000070530010026070020080090000040000000000048000360000769000
900001300000400701003050020180300070200807003030002085050070100301004000006200008
200100050000709301000060490090030020007008900000000063602040000800003000053000006
409000000000004020000073640698000007020035800153000004000028190000007050206000000
500040009000306000006050100090020030000804000081705240008000500950000074070000060
028506910000401000103090806000000000600804002080103070095207360302000708000010000
080000794000000000230001000097800400006915000018300200750003000000000000040000618
340010096508000102010000050000945000400706003000831000090000030801000609250090084
040010270500300019000800006021400000400070005000003120200009000730004001014060050
600090407000402800008000093080340010400507002050028040890000600004205000205080004
000415000030900000000800060007000308000080000009070200004030000080040056075000010
500301600000904850000000319710600048000000000850007036164000000075806000009405001
003600090500000300000920046600208000891000000300109000000460075100000900005800010
090206040400070008002000300500060004020587030600010002001000800300090001070401090
031005000600000040000300900010000007320040000700100200805000001000084003003920080
600000007070000010091607230008070900520010068003060500042709650080000040300000009
704805209050010070900307008100050007040000080600030001400501006060090040501406703
053026000000008901080100002670000100800050009005000084900005010401200000000790420
080010040020308070005406100500000001070534060200000007009103200040205010010060090
020600104004000050100470000000052040905000800000081070300210000009000010010800903
006070580000000004102305009005007900600020007004500800400601208900000000031080700
050010040703050802020000050100604008400831005600509003060000080308060509070090030
100030006006700100070020030030600000502080609000002050040010080005008200200070004
000000460908600200350900080000090140000106000015040000030002074009008306067000000
000902000001080500047601820608304702090000050104805306039706280002030900000209000
060049100040503067200000000570020080300608009080090045000000006830905010007460030
300000004008000700400723006600904005010502090700806002900165008006000500200000001
500004823090008504000000090080009040300207009700050080000320005000900000600000000
500004701040906000100030004013600072000000800005008040000301000000005010300000908
010080050800906007007102600063000270400000003098000560009504700500308002080020040
300080045000004798007000010000060070600701004070020000030000500854200000210050007
900402003070010040300070005400000008008506400000000000020307060047020530090000070
008906100500000008000704000000408000700030006001597200000000000082000340104000905
003100700006000400750204000802050010000300504007001060960070002000603000000040100
280500000104080200060030080300400000091000630000007001070010060003050907000003028
000039106300006200004008305000000058000010000470000000806500700007800001102640000
002040089000607405400002000504000000260000010901000000600009000000104508005080061
001006008630001002080570030000600003960000040000900005040390060250008009009002004
000400000009005300040010709600190000001600870020000060096020530000053607003000020
000000060000035000006000412705090000040070031902010000003000894000028000000000050
703406801000000000040809050001507400900020008007608900090104080000000000405203609
234000000000100080090400005370801060000070000080502091600004050020006000000000826
300070001000000000024000560130000078400000002502000306000205000006301900003704800
070400002600705800009800370597000080000000000040000519032001900004503001100004030
300060090000009200008004000000408002100052400024670900060015009700000000000800104
240900000600003100000608900020000501893000070050000804000301400700002600910800000
800000052050090046003040000061500000040030960300002000000001500000086020000400008
030000000000072905012905400063000700050060090008000520004506210509720000000000050
000200000100709206080035090009000050300906004050000900030560040207403005000002000
000000000006471900009000100301000806000090000020000040004386700060010050080040020
300060000715009000060100000400800060000070004500206300040000020032000610000603087
010000430700005200003078000000503000007000000048600150280004010300006874000000060
800120730001000005004005090602300000000070000000009107050200800100000400089031002
006931700000206000004705900900000008120000067400000005009504600000807000007329800
060003800000050700904000056607000003500800060000030000200007600010000004006028300
781003400003000067000001000050980000070000040000046050000600000460000500008100326
000000000006712300270000096100504008002080100840000063004000800008209700020000010
008000100010892060620000058800060005007030600200070003740000039060927080002000700
100020009050000300000346050007098400905702801008150700070269000002000010500070006
670802004800000010402900500004605200000000001037000005060500307000700000000009600
002097040900810006060000000070003400080500107020001300090000000600450003004038070
000040000890000024000913000600000009082060430017000250500706001740030062200000003
850060000000000000000825061430008095090100000610009084000417036000000000240030000
026908130900000008004070500090305020008060400040000090005010900000000000400806002
000840006400300000590607000000000200140900003000080469700000000000050100805010370
010903060340000052007000800100090006000385000700010008006000300950000024080201070
007450010940000350050903004009000503200000001403000600500604030071000048090072100
060009000419060200020018097000003000096070002708500300030002000004000006002090070
001302800030000050400501002102405607000000000308706201600907008070000010005804700
340869071000000000009030800021305480000010000054602190006020700000000000810753049
807460000610020000200100000305008700006090300008300509000004005000010084000086901
070106020051000970006000800590000087000807000708020301930000058000659000000030000
012300050500046003000200006020401609060000030903605020200003000800910002030007890
000000089038000502510090070000008000809040700023600000005270090000400120000080600
002080400090106020100000003020504090400000006030209040700000002060302070004070500
040819030900020007030407090400205003020000040800701006060104080100070009050698070
030082070400016003009000800540060000860409017000070084004000700300790006090120040
045000002071450000208001000023046000000103000000280340000500604000067510500000890
020106050805000301070000090100762008000403000700589004010000080402000705090601040
080010070700000005235000146006205700900608002007104600352000961100000004060050080
801000307630090045007000600500000002000832000060040010000000000010386090900070001
005000100000901060800005700050200004000013900091050000102090076070000820000800500
100500480007801030009040000000000098860000320000000046002060000006304050300100760
001476300300801002007000800000502000210000095000903000008000700600708004004329500
000100307830700060600000809000003624000801000527400000708000006010007038305004000
300560700050000140080010000008070010007901400002040090020090000040000930900420500
040060030210000067006400200004600000500000008000003500001008900970000043020030050
060501020005000400900607001000000000050104080000802000000070000610090038340000079
000030000350000079708602305029000180801000406000408000002000500000907000080050090
000000000300402009802000406100234007020050090500691002706000308200709001000000000
000809000009020700280000096300407002090000010800203009650000047004050300000708000
007200300080000060900036002400508200009000500003702009700610008060000050008003600
600300000000700024098000070004058090050000060060210300070000830280005000000002006
607000501090060030430902068000328000300000005000745000260109047070080050504000609
040102060080000050100000003070283090600050001090461070400000008050000020020609010
056040023302000008470000500000072000200351009000480000004000032700000901830010640
000040105000100080900005306369070000002006040154080000400007802000300090000090503
000903000049500810560001004800090050000605000400020070680002005031800240000704000
601478503000000000500903006709205401100000005206104308800309007000000000302781609
209000004000080509007300802050040000000000900070003006040001070000005000810002600
320000091507009003000002050048060000000208000000010960010700000200600507470000082
000000156000500034000402009091008300000010000007900460200709000560004000743000000
050007803603051090801000000000900005004060700000400008109000000307029050060003901
085090004102035080960002001000800000250000900079000800000026000030000050807000000
890400000001000200000970030060000000507000900000600805000030010900007006080020003
020073009509000000007509004000306050010000040030702000100405700000000805700830090
407830209089000030100000048000040007200109004600080000710000005020000490904068103
800501006090060010006000300700852009030109040900643007007000900080010020600207003
000230000000400130805000007050180000070020000004500700300000000000700208000091060
051080200600200000900310508049003000502000309000400820205034007000008002007060950
006809100000300060904010082260470000005100000400002000500000026019000478007000310
890007000053046090007000100000008042004500070030170000005080930000700065000000004
630010029070204060000000000006409300109030207003701500000000000040602030260050014
080012000003500008007083910809000020206000703070000609012950800700006200000270050
000407000000000000700813004003060100001908200806020703000000000205000901094000560
080004000001000900000560408007002031000907000230100500705018000009000600000600080
000004000295000004000020389052800901008000400704002630829010000400000796000400000
100003090400900007000046000500090602004105300001270050000650000060000000000001036
406070002080409130000010000060080000090507080000040070000050000075604010200030906
000040000000308000704000809000060000290030014073000590009000700401000908500201006
109004028204089000000100059980000600020030040005000092860001000000690503590400206
310005068500006009007002500000009147000000000759100000003200900200500004490800021
000304000004080100580201034050090060007503400030010080610807042003060800000105000
600030001000905000005601300014000960200090007056000120009403800000502000500070004
062100300800000000509006104200705600000060000001308005108500407000000001007009850
090000040008307600200050001040106070701000804020504010400030002009401500080000030
509200304600030900000000812206900000000050000000007208198000000005010009703008105
004003089700200051003007000100020403005308000000070020600050108050000000008002060
006480020000201006900000400490060030100903005020040091007000008600805000050012300
405060308010070090600090005500000003007000900000205000100000007040000060080647030
014000560570000081080000070046000790003451800000090000000502000008000600000984000
010089050504000009090407000001500308900000001206008500000903040300000102020670030
000000723030080005005100609009206000060000030000708900903005800400010090152000000
470000003000400001001780400000020390002906500097010000006053200800007000200000068
000407600000000000089012000905206300700008061803501700071094000000000000000703200
007800050000230407200000080720019000060302090000570042050000004302054000080006300
010030900900010057070506020600000082003000000400000031060209010700080046030060500
600100040000000070040067800700800056004030700860001009003640020050000000010008003
900600075205009000000045020053000009006000200700000610090160000000200701370004002
050000600406305090081060005070400030002000400030008020500090210010504806003000050
400500800007800040020001509910000300000030000008000067301600080080005900005009001
090064520003070004050012007000489601000006472000005000005000030020000106000000000
109305000005000100460002050900160702000908000206037001070200046001000200000403807
100000007005602000000003902204030005900006080703040006000008409007301000800000003
030060070240000069000305000004802600700000001003406200000107000180000056020050010
005010400062000590470050026000193000504706209000245000740030082051000630003060700
000569000980714036007000900002090500090601080600050009001000600050000070470000053
705000000300012000920005680000003700000780006000004500460007190200041000807000000
100090007500306001070000050020603090006409200040507030050000080300904006400030009
090102000000490068700000020208000700500080002001000604050000006980014000000805040
640000007009004006007060290060805000001040800000103070075080900900600400400000023
000104300830070600010090000007008006005000034003005001040080000270030100000607200
360000020000007008080053090000501280005000700000409530070016050000002004920000070
008090100000030000500701008003905200450070019001804500800107002000020000009080600
000000000520000803000401900098030040005790002063050090000908400810000709000000000
803000000004035900010026000060009180070000003040001250050068000006092800702000000
000076002020030060007180000001009004236000958900300700000097300050010080300620000
000000000100509006060104020003000900004783600010000080300807001600000003800020005
970000068600000002024000530000000000500302009030965040302070104700030006060090050
000000000000406000350000024025000730008010500000509000009801300270000068603207405
000043100000500000367200005030009004205000008480000950002060400040307600000480500
000960020670005003000010000800200090900000000064180050503098004000052000080000600
080000000400950000001200006014607002030000010000400500000004378000070200002500100
820001006310600002000030009030000267007020000200000100000506903000800000592100600
001403000000000002078190040029005004500000000063008001014730020000000009006201000
700000006020050010006309800002090400070608050005010300004902100010030080600000009
000040000410000073052000490000501000000000000206000305079408520004050800600302007
000000003000070689008009010000000030070001000009054067090000200024306000610008005
820000067000020000010504020300000002760000054000010000570000089000208000203050406
000306080000008345004000060700401036000000000240905007070000100326500000010709000
003000008700000010004600300040180030091020780030047090009002600020000009300000500
906203085400810000000005007103000052040000090790000306300500000000027004570601208
900280067000000023007030000300400000502000304000009008000070400670000000840063009
300400791940000560750002000005809003000040000100607200000300075083000026517006004
007040000080000100400012003000000208604000010002000507010804005000030000003106400
560090400802000100010000700000009015100000649000200000641070080000120300000480000
002005008080020900500000300090430000403600700070250000600000100020080400009004007
004000900000934000309000708040291070070306010020857030405000307000713000007000100
000000050134800090007002810002508070000030000050107300013900600020005184080000000
030046800007030052100000006046001000070000400000000205000050090000073001709002000
028000006300000000107034200000029400006805900009760000003190607000000008900000130
000203000060709050034000910902030507670020089000000000000000000000605000098000420
700001004003005000040000020000010540000700301630000000000940650007300200500060000
009000503080020000703450000002030950500601004048090600000046302000010080206000100
900800000008040001020056070200000160096002500007060200000295640002700300050000000
080000090904010206000609000003701500020403010001906800000507000205040309040000080
200000140067010009019060000000000200072040090000000678500906010700051900020003007
000004509002009030095300002001070043000501000930040100200007390010200400809600000
007020068000000000502003709000240800400860030009000000001400050900010307308000010
040006070900000306060380000700602500008040200005708009000014090801000002020800010
040007091500820007008000200090005003050000010100700080007000300400031005630900040
200760009000000008406092000500000801007201000600000302708046000000000003100350006
180000067700000003000304000060908020092000170010703090000807000500000002640000039
070901040910305087005000900790010038000608000280030061007000100820103076060702050
370090045000402000006000700061287530002050600050106020004518300020000050000000000
003005090950200870070039005506000030004000700030000409100460080047002061060100500
900007068005080002006900300003001009600500020001670500000104290030000000200060003
020003800801900000060800000045000080000000052300001007700000020000320691000098043
706000504003020600000010000500608003208000705900207006000060000009030200605000408
008000200000301000305080907050108090001090400060504020503040106000203000004000300
000010050200503007000008006070000601010794020020000405000007004800209003000050010
300000000004350700060072380040010600016508970003060010038920060007083200000000005
006000300004205600580030042050020060009608200030040090710060024003402500008000700
000250039100000000050804020009710004000005000007930002060107080700000000000340056
040000800682010700070002040000703000050000070008200003560000030007040209000009050
705890004890030000200006000000970010020000670000360090600003000340080000509420008
050000001000400260000601040300000900074290000002060450200910000500020007081007000
200030007080040030060500000400310790003000000800670450040800000090020010100090002
000005012080002000005780000702000030810030009306000040007590000030007000000003024
000000900500360040790000850002030000000204001007050000150000670400920080000000100
700501004001030500040207090908000403070000010603000902060108020004020700200706008
600700090400019003000030040000900038700405002260003000070040000100620009080007004
040060000309010006018000093000730050760508000000020001000000300003400080087003000
050908000030000059004030600300080007002701300900020008009070400420000010000406080
800300900000800000000095078250009031008030000007201800500003000004100063001500020
940030067620000031001000500000971000100502009000863000004000700230000016570010028
003000001001802000400130000000040070000083100870000450005000097000900000600200800
580000000700980100000025030040050800057309410003070090010530000005042001000000024
020000050600804002080502070000020000530060081062080730000000000403070806800000003
040000093903080000060013004000890050051270800002005000000020700400700010709000000
405000000009102000170000000010030060000860210020001300000047900000620084000000027
600900305090005070400067000016000009009000800500000430000730006050200090907004003
009106300070040080000000000700000005906050107053000240000000000000795000320408056
040507000800040200001203050503000902080000010107000504010806300009020008000304020
008009000007100520130007000500000040006000000200406900320800000900600700000045080
000005002329600000000000001400802700031070850007109004700000000000001687100200000
710000094096000130200090008009010700020506010003020400900030002082000540460000079
800921050000000709000000810600870005200604008400059003026000000908000000040586007
040901050100482009000030000780000035095000280230000071000090000800647003070108090
030000080201408506050020010002379100000000000004582600040090060308607201020000070
400895006000000000000146000910000053002908600000304000730000015150609074000000000
000230460084100309060000002150009006600070940000600000590020000700060000026900004
056090700080015020900000000003000000007000105100308600001000002000030000005806004
000038050003000071040000800060804009001000008900002000012090030004007600500400000
060000800007000006801036450002183000005604900000759100018960302600000700004000060
095107820000000000800405007600708004020000080700902005900604008000000000081203940
043060002869400000710000600050100000600000001000007060005000083000008476400020510
000610704040000000001230006809002000407000601000800205900021300000000020602089000
027000430000000000045020680000791000701000208000050000800472003000603000034905720
000305009060200000000047200004050108008703500005010037000671000790000010450000000
000945000270000089000020000041509820500000004069204710000050000350000071000196000
040020050020407090005603400480000025009205700530000014003504200090706040050090030
010204000204507000060091000680000743009000600341000058000710080000308405000905070
000203500007400100000056074080302709000000300030009085050000090074605000600000000
006798400050020090000406000702000806000060000108000307000905000010070080005614700
005764800000000000801030407013000980006020100082000750504080309000000000008916200
005000002000580300200034570700000000010050480400000000800021960000460200003000007
603040800000800900020000375060180000040907002000052090000000008700018600010000009
004201030010800070000000801600023100005000000900045700000000309090400080002609050
100070009050608020007902400031000680200000007076000230003207900080501070700030001
000230000030090014000000600800003549160020038000500006008300000040750000070981005
700060005000000091190045000609020050030900700804030020980073000000000087500010004
306000801040000020801623705008010300002305900003060200205786409030000080604000102
009207800000010000020904050290301078500000002710502096050108040000060000003405700
006407800000080000200306004409000706080040050305000108600905001000060000004803900
060270400750034000000006005600000750410000029075000008200400000000750034007092010
005800100060140080800003007004000016010060040270000300100600002050082090008009400
080409020034010750900000008098000630060030080000206000000090000200000007003701800
600000304009007000100500070050208900000060000003709020070005008000300100406000003
100000009080037200000680030004000050000350860000040900920003000506000090741000006
000005000096200000020030594080000009005080600600007040001040030003002701008100025
300050800000903670000000043040080050600524008080090020830000000056201000004060009
400923008030000040009000100300674005600302001900158002005000200040000050800245007
800503000200040900000000230104900008002000500307200006000000650600050700500301000
000050000005209600020080050089407230010000040000802000000000000007040300304060709
408000207090806030050030040520000079049000580000000000004309700007582300000000000
002800000000020670050000020205019000860407030000060009090002004007030500500094000
602508401000902000301000208230070065000306000860090034904000307000809000106703902
260000089080000010050000030030806090005907800070030050400070001090060040800000002
790300008400000970003080000200008000005090702000201056050030010040007800300056000
100020000900100000708400190007030081080601070590070400062004805000008006000060007
003001405000000093600040700000090030004700280100000000208060570090270100460000000
001402000030000006080100047090006700200010005006900020140008060500000080000501400
000000403017800000000150009089061005000000000300720180200073000000008960501000000
300080004089000530000000000002060300400030007810000092500904001000103000070000020
500720009060000010003090400000958001702103805100247000001030700080000020600012004
401020308060000050300705006008050600500609007006070200900308002070000080802060904
340000200200700090009200130000007008010008000000004006007300580800500040190000600
800020407007009000300100050010204300400000002002608010060002008000800900508070001
801000705230000048005000200080201090000506000043000510090703020000000000058000470
030000000205080006040570080009050004084190005000006930000005700007008090090410002
002300468000000590805600000020530040304002000080940020203100000000000910001400375
503708400090100000078000500200005010009000308800009070015000700080900000704506900
600731005000205000005060700730000059509000306120000087001070200000604000300912008
340050700005890000080000504010007000090000032006000040400500090000089403007000008
000010834700500000000480000830020100064005000501000600009000070000600001400000206
005609100700000004003080500000030000000000000650201093006702900010000080400010007
000300600000870020570090004305010000000003790100200053900006000000000800001704300
000000000045000670600030001000508000009603500050479020200000008480000016000306000
040900600000078050508020340060000700300000004009000080024010905050690000006004010
790000600000056090000089000069070300100902007008060910000540000010620000004000071
003804100800715006001000700090000030004070600060000020005000200900328004006509800
070003002018090000000100040003620004020004803004370005000900020037040000050007009
002008140703010200000035080500070000020000004300040000000096010601050400009001560
000600010097000000802000965038050100100020030026040800203000584064000000000400020
600000009000506410005080070032610090970008100000004030010009300007063000000020005
010000080009060400006709100500906008064000790800504001008103900003040500070000030
000390700001000000092080306900008007007500040100002005026070504008000000000640100
809060001010500060007001902006000090700000005080000700201800400050007020300010607
260300001703058000010000000500607030030020040040905002000000080000780904800006013
000609012070100300200000000680200150002400080350700290400000000060500900000902067
000630000008000104004000006100809047042500060700306015001000003007000901000490000
006000005000650300509020680090004000010000064030005000908010750000570400001000003
306000001001200070278090300080150000004362800000089050007010593010003400900000102
090004030140090005000002400000060108070208040501070000008600000200030096060500080
000506000407803105000020000020000060680201059090000070010000080008000900005409600
000000090276910040003078250009030070047109360060040900052890400030054619090000000
010025089500000067009008000000030501600507008805040000000700800150000003270360050
002700000090850004350000080030280000700000002000091030020000015900023040000004200
060000070300602005001405200070040060208000709010090050009304500700901003030000020
030000060004070005160058000800040200009705840300080000000010080000000503400309700
000000905089000000000090703098006000003050800256800000000362070000408060400500000
000007091000000536090006004000002073009000600160700000900500040318000000520100000
102860000050004000000070600000100070040090502260007009000000003500640010380700004
500940000008000010900000200640103000080000006000207001400000080090075000002004607
700009000000073920002400010004300057080000090910008400040006200068910000000200006
074005000001608005000000012160090020000406000040030076690000000400302900000800250
209000050013000000080060730020000080000006000100857000600000000850074109000000403
200003000050090812000000000000050600060130079100006200010209308090070000030080400
100048300030600000070000406000000813090000060812000000906000070000007020007560009
010030090400609005006401700073000540500000008064000920005706300300108009080020050
030902000000001002002036800473000001009040300100000624004610200200300000000807010
010602040000000000007090800030020080601000709209000506000309000002070100370000058
002801500010060080608000104300704001080000050100203008703000805090070020005106700
950060024000000000700010008000020000105703206400106007209000301070804090040000070
020304010150090032008000400800040001030906070500030004009000100280070043010408050
600700030400090781000000020060000000280040010300200008000000000830014000940320075
601400002080030045000800007050070031000100000070000000400000073007000650002000004
042000580000409000900050007400702005060000020800904001100090008000307000056000970
190340008000000004004091200009000002506020309800000700005430100400000000900082057
104500070068049300350000040900004056020060400080900007030010000602400030000306000
906000204010000060000628000190060045003050800570030029000573000030000050601000403
406000103080060050010000070100503002008070500090000040007904200000000000801000906
905000000004032500000951000870000002009208600500000049000184000002390700000000106
320000004640120000000000250050240100080600075000003000008500600009070020200060003
400000003100205008008904500009000700003407900010000030960070084000050000000309000
800020007050107080003408200095000470200000005076000920009206800020309040600010002
040630000200009010009000300800340060300805002020016008008000600090400001000078020
070050080802000000009800071700008000054903120000600004380009600000000205010060090
000005903007000250090036004000400020600000007010008000100680040069000800204900000
005600000000501004103080000290000130001062040080050000000300800000210056060000020
750000000009004600200903070910700280000300000000048300028000060004001003000007801
080000030006409700403000902090503040004000500050601020809000205005207300060000080
340020080009000000810900070004509801000000000108407500070003048000000100090010062
009547108340001090000009000005000019000000000290000700000600000010900073904728500
010034500200006010007090000008050306070900400006080901002010000600009020090028600
280000013900000004040158090006402100100000009000809000010000020000531000708000901
700000001000806400058091200042603070005000300010908540006180720001209000200000008
001805400050000070600090002090000020002000800000604000720000056003000200006972100
020050060900000000007000801000067052700301480000490013001080000300542000005903000
008571200060000010100000008200943001700608003800217004500000007010000050009485100
602070080000002005800046100000700490207000803098004000001920008700400000020030701
000004070000027034000300500405080300060000010009010206006001000570490000090800000
010206080800090003200070001009000500000435000004000800100020008300050009050709060
000600023008020090000005060050060008400010700309800000000008900710000504000570002
050602090000000000040030010008975600200060009000203000306000801080090040510000072
003700100000010002000450370080000407790004025020000801000370210000060004006100700
020004805008106040030800060200600000049301000300400000010900080007208030080003601
089300000350270000070000008000060830008003905000020760010000006840130000062500000
106000000080400290900005670090604500000000000008709030052300004039008050000000703
500040809800000620000009000008500036605307000002800017000008000400000360700030408
800060030050900010000708060074005000500090004009400007000000000682000040000053008
259000000308090060040010200005003100400205009003600400002050040030020605000000982
050700030704000000012060057900006000007030090000200106000008005406090003008002460
020005089000008003070020100004080012780039400000100000100002000200070508837090000
003070500020900060608300401059004000400000008000100940805002104090008020006010800
800016002000703050500000100001007038000090001008600040020809000136000000480000605
800000900070100200000000678200050000540016000007200080180300000006040050004095001
003000500085030120690050034000483000054209670000675000960040051037060480001000200
000000600400670900860000034010000000200140060904860010000500000380001500050390480
003040700040090080090308050084000520000806000200000003006010900000000000102709605
930070024060305080200010006300000008070000030608000901000000000500000003004809600
020308600109000000050090000600030000008409000700020013500000700000003009000006025
200859001090104030005000800310000076900000008650000013002000100060401020700296004
037000940000601000500030001209040803800103009301080507400090008000502000095000130
007036001003000490000900007400380200078000000300460700000800003009000150006015002
004000700085409120960000045020030010000627000090040060870000051043201970009000400
490020068070000010810090037000269000057010680000875000940030075060000040320050096
150000000620070900007900000006020380040183056000040000080400530000310820000050000
050000070000403000300108002000030000803509407700000005200000008030010040007000900
102000608500007000900010002200500060403600500000091000000070006600000000090086324
090806000507002034000300000900400506000080010100500302000700000401008057080205000
000005780050009002000710040004500000010020600063000000900008010000090000308061900
400000000002700040038091002020080900001030800003060020900810430010005600000000007
000070020002930060804006050060004310000000000041700090070600201090042700080010000
040000210100904507560100000030090740000705000081040020000002078804501002016000050
510002047200400009006030800300108050004000900060304008003040100600003005480500073
300008009006310000008000520200060090030109070090030004012000400000024900800600005
002000905050000000900508207003270800000603000004059100805407003000000080209000700
000460000005000300061800050500000009000900760400230000020008104000000000007009080
209801405040905060010000020000702000100000003000609000080000040030504080704203106
009200400000060000800105903306900100010070040002008306403807005000030000001002800
004005010120090000600000900050946070080000040010387020007000006000020094030500700
000703008025001000060040700401000000056000420000000306003050090000200640600109000
130050029002000100600103007000207000040030050000504000300409005001000200580010073
040609020079412830020030070000020000600000002802040901700000008000503000005090300
080700120900100004400080000000020036007809400230060000000070003700005008059002010
000100400000070060560000300075301090000090008091407020450000700000040010000800900
003000000070005092001023005569000030000060540847000020004032009020009078005000000
007005016090020470000000023000009004014070830200400000750000000086030040140900300
020000090005040200600020004000000000014608720090000040001030800840207019900050006
200407008040080090008010200400106003016000840700809006007090400030020050100504007
060000030700003006008056900072080000004761500000030780009570100100300009040000070
020080030450903081000407000098000240300000008062000150000204000680305072010090060
600072001080003500005010000000000020502000004310000076070000600000901038800057010
098000670100000005000301000000819000000403000200050009002000800006907400043000560
800900324000000507000207081503004600000090000006100703150309000704000000639001005
940200063600053007000000000090080006030109050100070020000000000800590002320006091
001000300608305409000789000400000006016000750200000004000637000507104208004000600
010304050900000002007802900105060803000105000603020501006201300400000008020709010
000000391000090005003004706000350200050209070007081000301800900900030000846000000
000800200940100600120000084000043090000702000050960000790000035001009067003008000
300000004000025060001048350000070098058900400024000000009050080012800700600200000
003010090000607005100008000010900650900000703065000210000156040500802900040070006
203400080040090003801700000706000000010000060000000504000002805400080070080005902
080300000900070000307600502060080910400009000001700200700000003500003090000450000
108304509000268000400000003780105046090000010510809032300000008000583000801607304
006400000040780106700106005294000000030060070008000003010000000000050034053007090
000900500000306070002078306008000230407080900035000084080761400004500000000030000
200600000001000600060400010305000270000009000000030508020901045008500700000007902
000460020004089010709100006090042000046800000050071000908200004005094060000310070
200009000060400002000810307908004100070000040004700803406078000100005030000200001
004035600000810004023000000006007012000509000008003057095000000000750008007091200
094508120850000067300070008400030009002804700900010002200080004670000085048309270
000000300090058001700000020004015003380004000009076008600000010070091002000000800
010070090700000002520090078065703920400060001091504730940050017300000009070030080
000006780050008203009000000000000000000003568840059300910025030400060800060080004
000040050050600047006205000084900700100050003002007490000102300240008010060090000
009000800072080450000512000020000040061704980000000000090145020850000097006000500
000000000800000003005987600420501096009802100760309058006413700100000004000000000
