000000000000000254024081006410600000005004100000000703037000009100308000950040000
000000000000000682360040000001602305400700000030000000000817009980300061057000000
000000000000000839060897125000009700080300000010020003034010002000006910006000000
000000000000000936004607082009082005000904000002510090030000020028009750097100000
000000000000001024000632800100003006490500003020009070608000010000920040050000000
000000000000001609082500040020800001010030080300004050040008970507900000000000000
000000000000005009009061800000000000084100007726090005250009010000000023300070400
000000000000006120000900803907080010005004000008200007000040600702005090453000000
000000000000006438008010002100460700500800010000000003450000000000703001002090500
000000000000008650670002001000000000510847000400051009190005040000170003003006000
000000000000009421800017900006080710000470200020000000940700000000020000008105040
000000000000010065000329001006004003018000050005900600000007000050030008047500020
000000000000017860900050014830000000009700300027060000000006248000200000100490070
000000000000020803800003024760800000001060000090075010200089700004010008000006090
000000000000037640301000020000060402430002900000900007000008000786100000004090700
000000000000040016100500200001005740040000009790000020368200907007300000200058000
000000000000052001407900080000030096000000000000008275620009100701200009840500007
000000000000060190203900064060400001040706030100003050620008705084020000000000000
000000000000060281000008360000014050704090002106502040901050600000600007300020000
000000000000090250009237100640000007000800060007906000004000005792050040010000900
000000000000147900100060070000006003076009020400005010001003000000000008000870042
000000000000207004790000018074005003800000090010640020306109000009004600080000000
000000000000249600760080000500000000003004002620010305006321780010007004800090000
000000000000307020784002000070003009605000403100400060000900736040105000000000000
000000000000310475800509000004003000500900008670020000000006130067400000000000007
000000000000385400470000000690100005130820970000000020780010000000030001004900008
000000000000480962460020830040050200690000000000603540059830000000005700800070000
000000000000504300040100059002000907000005002100700030000098200900000040003270100
000000000000508000014302560009040700000000000476000918300000002200607009001000600
000000000000509300008002456040050609700004100000003000003800040860920000102300000
000000000000520003002003916000401008005680002017000000600000000070102600029700000
000000000000720940209004050580000600000060000000900107063090000027003005400800000
000000000000803004009051036700000000000180002100004300005406090360000001040300200
000000000000830509006510000032000000000040000000091034001020000600050417093000002
000000000000903106820005000045700900100002750000000060000200040001000000030684070
000000000001000039250060100709050200508091000004000000400038017000000300800600000
000000000001308200230000081000406000600000007153020469000539000040000010009000300
000000000002000035070004019000031008000700640007500300000069000081020007029800050
000000000002000064050000109030058700040070005000100300008602000000000007000009500
000000000002150090006907802000000070009000030000604005300000000015200000000009154
000000000003000065820004310000496000009203008300000050050000007000089000600100003
000000000003400080064007209700506042000010700306804005000109000107045000050000000
000000000004100573010093040960370000008940200000002600401009000800600002050000000
000000000006104082700620000008500964000002007010000000800200400090000001060905720
000000000006501300901000804080000070300010006050907020005106200000492000000000000
000000000006700091300010007040085703000000000000600102007009800030406000904070000
000000000006934005503002070010000000000368000000090756900000000054080000030050210
000000000007001620090087500900016200140000000000050000001005706680000050000309100
000000000007060008030087590600004035002000400910500002029610040700090600000000000
000000000008405007960007000030000000090060524006570000000000840020900030600053900
000000000008502400060948020200000006000709000059000370043000680006403900000801000
000000000009000300000097085250070000001450900000006002073000006800000040090035070
000000000009014086070000034680020300000005002200103690000000000020700503018600000
000000000009086000000700081038005104500000002000100000090000603107090400000200005
000000000009607058043000002100000000500403700000071200000590600805000000000000070
000000000010000379900820100021904760600000000370000010400010030060058200000200600
000000000010005420007146000904008000150000093000500106000723900043900070000000000
000000000010007806309006070036080100000050000002040930050400609901300020000000000
000000000010400570704000006050002900300070001001800060900000702046005030000000000
000000000015702840700108002000309000040070030100406005000904000090000020401000706
000000000018030400000004058104960000083000020070005000000000941000006003700493000
000000000020040000900000732003009010700050080006400350000004100007001843050000000
000000000020567000000043709005000281000010063000008007506000010900000000400030002
000000000020700960905002003004080005070090020100040300800400107031005090000000000
000000000020764090070030050800106003067308910001000200000080000006000700040907020
000000000024000500080372100007003008002004060003980210046009000000045001000800020
000000000030079000000603204005060089080905000097080300002008971000200500003700400
000000000030200084700006500420050000016009000900403600000002000000000907201087060
000000000030597000056300200090700001100060007800009050009002430000485060000000000
000000000030900100005400738061000000050040000009300861602007009047100500000000000
000000000032009000000450107000100002057030940800004000405026000000700480000000000
000000000040002580001604000000090005100007320450020000000000000204300090003001862
000000000050290004200005890065020009000103000700050260093700006500082010000000000
000000000050409070900807004006040500040070090000108000005010600000502000001080300
000000000062001500004300961000000000000590680607030205509000000000000002800470390
000000000064500309300009062245600000010800006000007020000213487000084000000000000
000000000070009406060000130408500000000000002003020650000004007001802000004300000
000000000070812300206700005127000800009087006000090010641000000000026000000570000
000000000080471050403060709000000000091000640300102008800000004009000500045090830
000000000080900107000072084800410700002030000060009051000020000036000000000000560
000000000083900000000300076020050004010030005600007100000004519005720000400000000
000000000084010570030807060006040900090108040007050300060201090023090850000000000
000000000087400130005370008000000065000903000640000000500049800023007410000000000
000000000090001708010050040000003000000000052080040130900000000605029300030017500
000000000100020004564307002705090000023004500000000010080070000200009603350000080
000000000100302007050700630408200700000080000003009801025003090700504008000000000
000000000120900070000060041007006090300005008008200000700010006806700009090000500
000000000183000000000910836000005600908400005200076000009000043700002500020000000
000000000200000671036005200700000010004030007003001500000900008972500000001004000
000000000200408030510020009020700500800000004003006090600010045090805001000000000
000000000200563008006802100100070009080406050002000800740000013000000000500301007
000000000200630095003000204600400030000980001050000400000017063107200500000009000
000000000200804006670103400009000000800050002000000100004502038700601009000000000
000000000203007650060010007000840726000061540000000000006050800079000100008002000
000000000253000000000000089600100000010000005009270006107004500080509020000600400
000000000306209001007010060000000603070593020409000000050040800900102706000000000
000000000307510000010000073004900032001050800930002100240000090000076401000000000
000000000310000058000906000500000002060020010900143005600050001005408700040060080
000000000400075000001600503000050300009000010000386007240190000003007100000500000
000000000400300060010008002340080600008060700002090053700100030050002004000000000
000000000402103900000026000006010704009004030504002006010400003203060400000008001
000000000408507902060902030000601000390000018007090400000000000809000503020070040
000000000500610900004008210760400080005060100030009064083500400007034008000000000
000000000600050080043000007105008002004590070080000010000243900000100000030000204
000000000600502100370060080000004010060078250007200000083000000002810500050000000
000000000600530004039608000701000060000000200340000010080007900005900020000180000
000000000602000801070106030030402060200309008000010000860020043003050700700000009
000000000607001000025003107008920004000006590900004300002800050000000043800400000
000000000681054300005200000100020000500009000009000067040003059000000008300010400
000000000700050023024067050000004500070000010002800000050730860980010007000000000
000000000700109400530007010003000000000000208040003600002900067107800000009004500
000000000700309100000007962402700080000020706010500004100203000000010003054000000
000000000700420005800090600005003007000000000900006041030200500060007000080010009
000000000701030500400805012000200094000010000630009000210506008009040701000000000
000000000800001050007560210001090040005000300070050800016024500040800003000000000
000000000800516300000908060091040000705093000020000600050400001200001700103009000
000000000900008602007100305700009000060780000000200150040920000001407520000000060
000000000935000200000906500000093600000000043086100000010400870820007090007500000
000000001000078250000920060008200010067000520030007800050031000023890000900000000
000000001000152060009000203060080300000706000002090040504000800010438000900000000
000000001000408250000630070905000100000306000004000305060015000042803000700000000
000000001002005003000082070005400020001030407900000008000600500320000000060019000
000000001003200500700000062100045006009070000400802000000000000050004920210000307
000000001003700890000501030079250160000000200065900000000000000740080900050302040
000000001005380040207000300100006050600030008020900004001000402080067900400000000
000000001006900007008003060090740000100030005000062090070100200500008900400000000
000000001030200000001967020800700040075008900000000000000009350046300007020000060
000000001100042700607009000010006030009000100080500090000200804001680007200000000
000000001170302000000000490000830000000000137000006020006905800052700000008000000
000000001207001850500006400000900007040010030800002000008200004095100203300000000
000000001600052300042008070001009002000060000500200400060300590003420006800000000
000000001700050000028091000000470020030000079000069800090032480004700000000000060
000000002000007180405200907004020060500000001090010300709002804052300000600000000
000000002000036480006580090058000007000040000700000210090071800017860000200000000
000000002000860000074000080030008000201030000060001007900100470006057001000086050
000000002001702800000080700000060509503407000006100400040005000180900000007000140
000000002006003705080005010008060040002000100050070300030900080805400600100000000
000000002010000900834020000000003000000296100078040003600700509005000800090005020
000000002060070090002081046000000038800907004140000000270310600080040070300000000
000000002800704050010090700000050001109087000070000600600400000000000200280300967
000000002850600009060730000000002506000000040700000200000056000096201000028400000
000000002902060008008207030000000804007020900601000000090304200200080605700000000
000000003000017600840300070008900200200050009007002400010003068006120000700000000
000000003013090020084000600000430500070200006000007091007600000020001000600053000
000000003030049007009500400080020091000000000310080070007002500800170020600000000
000000003040000067020061050000280900000503000008097000090850040670000020400000000
000000003050100064701600000002507000090000040000906700000009602480001030200000000
000000003070006020903700050000080007020104030600050000030001602080500010700000000
000000003080056900709001040610009000050000800002000000000090005000800102005007060
000000003530200970007093000000400018050000030410002000000680700091007082800000000
000000003900000100416000280862109000040820009700000000005030000000006705070000400
000000003902000070008740002080005000000429000000300050100072400030000106800000000
000000004000090080834027010350800600000000000006009032020380795090010000400000000
000000004000527000307600010900300065005000100760005008070006803000981000200000000
000000004002030805540087030030620009000000000800071020060540017105060400400000000
000000004003041060007008900010000080009030500020000070005900800060420300200000000
000000004080000070061800002020504030800010400700000000000952000009100600050030000
000000004080013500000670800020000301010000070609000050004086000005940030900000000
000000004600500700080100230300005090000060000040700001058003020003002009700000000
000000004620004300009030057204601790870000002000000600000000000010092500000805000
000000004901702800020005000400100200070908600002000001000060700000000009000401308
000000004946001053000009700000008000071200060290000000000004001300070420000080600
000000004983100000000900000001304070000060040076051080054800001300000006000002000
000000005001047009082000107000890000005000900000063000104000620900620500300000000
000000005001086040300400080090000300000367000008000070050008001040230900900000000
000000005003006007000108400005000040010604090080000200007502000200900800100000000
000000005003700400001000060070028000090401702000000000007305001600000080000040250
000000005006003048540067000000010530000006007000050002607000800920000003450000010
000000005006200000020013070283700000700090580000000004000008900840000000017050800
000000005080300017300907020000040000000709800064800500900000006400106700002090000
000000005100002000000060280040019000005000900201780040007800000300000050560400071
000000005190020060006530000080000007000901000500000030000049200070080019300000000
000000005200000060000092430007900000010040008000037100045089001078100000000400000
000000005210036400040900020093000087600000000100050032000100006300000000000002950
000000005602000100100090000350000000010700000060201500800007200009024080000005904
000000005610000000000065401006800500002000009100403000000089007097504800300700000
000000005620000800000093010050100000973000000000076900000080507800000143004000000
000000005920000070000043080004001230000060000056400100060150000080000023700000000
000000006000200043920004800010000080006501270000049300200017000058600000000000000
000000006000468700000015300900030102000000067060002000300207010508000000001800009
000000006000602040000075021060007010002000000083100900000008000018400009906000085
000000006000805400400062090690050100100000003005030089060570008002306000500000000
000000006005047008190800040000400300000000000004362005040600000950008004002090070
000000006006047800020000310080370005000060000400028030091000020005480900700000000
000000006007002900900000480600090008000318000500060004045000009009700100800000000
000000006007200010050000824080100500000040082000000900006507000013090000405060000
000000006008000092700010000050431000600059000000000004090003000410590370003060400
000000006069000300100092000007000100004000068000980407080006009901800000020070050
000000006300420008072380000000000000050900780860000094004000000030800007600510200
000000006540038010000400800300000000100006047060719000093100000400200500050007000
000000006830006120400001009647000000000200000080009600000004500005090047200300000
000000007000008530000720860900005200000802000003100009061043000087500000400000000
000000007000050020801900300006003070200080009040100800004006905010040000500000000
000000007000306290060000804090503600030040080006902050209000070047208000600000000
000000007009006820040200130000602500020000040003509000032005080051300900400000000
000000007029000000060100208005092060000460050000700403001005070000270100806004000
000000007098000160200070090500000000000009001060580070043092000001700000000030809
000000007200090500504001000020065000010400002708020040063050000000003800000008006
000000007200500306900002010050000600000001070100300000000000000080609000040007092
000000007270009400000000058960001000000035109400000000010206000000080701057100080
000000007400100000005049023000000010063000204007005030204091000000003900009870000
000000007700000250540200613030000400000001700200480000050000006070003800008059300
000000008000006200703008010840020030090070000302000905000089000100000780006040000
000000008000021700053400009000000406010540007700002500609000000000090034400130000
000000008000472190420000000000805046503700000000001300092100000805007001000028000
000000008000609001608010705070050010009300000300060800050040000000070000000805406
000000008000609320031020400400005700060030080002100003009080250078302000600000000
000000008002010050300500690009600000010002004406080000240000000000000300903006540
000000008002080403600340010801700000000000000000006209080095007306020900900000000
000000008006028090090500600004310080060802040080057300007004010040930800200000000
000000008079300040046507300020000000008000093305680000007040001200003600000801000
000000008430098500002504060560300000000000000904006002000003170001040096050700000
000000008700503041040000060007080000090104070000090300020000090410906005500000000
000000008800010260020900300000004080901000406070100000006005020047080009200000000
000000008930600204500030060060005000000802000000100070090040005804007096100000000
000000009000000300005600700630008910507910004000000008001207400702050000050003000
000000009000063000801000007007010420060050000400000600098300000000600300000208001
000000009050000000000390040100050000860200000000001608400000030905000721003020000
000000009070020000034100007000480000500000906008600020082001030000070051000000000
000000009070200080000780610003004006007503800200100400036015000040002060800000000
000000009079000214800000000000204500000086000018007000001000438340000790000050000
000000009109607500030000070050700020080020000000004006002830090003070100004006000
000000009450001620800000050000006710000000000003472000280000063007060080900040000
000000009900800200064001000200040095000000000089000106007060010000059083030000000
000000010005001008218900030300100000006020400000007009040009285600300700080000000
000000010007065020090000500000378006300010004500642000002000070040120900060000000
000000010007190000096007004002400070000030000030008200700300640000052800020000000
000000010020500008107060400000049020001000900030850000006030702300007040090000000
000000010029000073570000600080300500000102000300054000004607300000029700000000009
000000010090050003007900200026800000100000009000004860004006700500030040030000000
000000010600057000001080000206000030070003900000001206003076592005004000000000370
000000010600420007000096003170009000000000160080030000051080000003002500460003080
000000010730000400000065000060900003890040075500003080000290000002000036040000000
000000012000020300080060095031005000400602003000900470860050040005040000390000000
000000013000900200032100080000720060003000500060051000010008930004009000620000000
000000015000072400000000000003000200700380001089206000004800009098700350006000108
000000017058100020000009500700900040800070006090001003004500000020003980310000000
000000017903070000000030050800000092540080000000012000004027600010350000007000000
000000019308000005090706000041000800200100000630080500000001070000302400000970050
000000020000000801560030090000062080690107043010340000040010038807000000020000000
000000020000630007003020054200005003060000070700800002940080100800091000050000000
000000020000980007093000004085301700000070000004206830100000650200038000050000000
000000020016000700000704009020970000360008190005006080000020030540060000700080006
000000020067000004000500010020048306600050080080700000000080000000904051100000900
000000020068005000400200700350800000080070090000003018009008006000400350010000000
000000020082400060000260009004090017000030000810050600300086000050007480020000000
000000020087049000604071090000000001000705000046082000000000300032000407000004059
000000020091280000650000000000903600007500010000000500030000080104790000000046100
000000020102003046000040003703004001600008400000360007014025000800000000050071000
000000020104800730003900001400609000097000640000704002500007300031006507040000000
000000020501400600602000004000000000190004280050903001900000000000130060700600905
000000020840200903100005000010034600000090000003720040000100007904002035060000000
000000023001006000203080500030057001098000002010000800000000005000004390000602000
000000023008004100690000000020050006004010500900080070000000039005900800370000000
000000024003000070000510000680002009020090030500400081000087000040000800960000000
000000026680005030000001800050790080000504300070200040300000004020070060007000003
000000027308010060000004900005000080006030700090000100001700000050060309480000000
000000027604307000900000000040000876000600150003000000000410000000809000008003294
000000028000037000300009006004050001905000402200060700500300007000190000680000000
000000028000630709000500000054000000030060091000000070080000200300017004410090060
000000029000400185000052640080900200002060900001003060029740000316005000870000000
000000030000104506000250900065007000002001008010530600023006010600000400090070000
000000030000540008750001200005300080200000007080002900008700046900014000070000000
000000030005008007006500900600100080103040702080005006004007600900300400020000000
000000030008702000005013200000600900302075000080000000000000870003408520006200000
000000030013000084086034100000100000050070090800020043960007000000000000040586000
000000030020603004007100800200409080000050000050802470580000200096200010402006000
000000030038710049490000000500400007080001000000032050059020080024000600100300000
000000030070003041000700206030850000502900000000000600687215000010098000000370000
000000030070050009002400700800506000300040060706002100400200500060000080005184000
000000030070500002912000000640150000000903000200084050000000100500008790030705400
000000030400000000053960004700004008000809020000012905004000000170000000095407600
000000030400000006026009400004500100018090000650102000005064700000350900000900010
000000030597000020000060005001000308000280000006005900000374000000000000180000006
000000030800700000502090600005007008600000050200100000091503400006900015000000097
000000030902500000030006004720300000006080700000004068500700080000001905010000000
000000031170030280203000000000412070000000000920508000600003090010700005000026800
000000032376090000010400000002001609040905000000000500000070100800004250400050000
000000032400965010080003900030000200000601000009000080008100020090872005760000000
000000037300087200009000000005810000040050010000062700000000300007490005610000000
000000039001000000050304006006180000700050090082000000000700004000013200200000350
000000040001500000348109000900000060070306020020000001000804756000003900080000000
000000040002800050009304006000500860010000030075009000500902300030008400020000000
000000040005280000700100809009370000020000060000052400108004003000031500060000000
000000040008600309470100050600005000010700000300020680080000030006070100000802400
000000040008900002200005306000570100070030020009016000907600008500002900030000000
000000040009001500705200000007010006086050730300080900000009104002800600050000000
000000040009001506120580000200003400007000300005800009000074035603900200050000000
000000040020000000608002003090270050003090700060051080700500801000000090040000000
000000040086000000000800570000000007920014080108003200000506010501030700003070000
000000040090600705007008900000000509200009170000037060360000000042013000000480090
000000040090740003000008102007100090005604300030009600501300000600087010020000000
000000040107400860000007209030001002000080000800600050403500000078002106010000000
000000040200430900000027800008000060500198004030000700002680000007054008090000000
000000040300024900140900000006002030001070800030400700000001057002850009050000000
000000040500290100800006000005300620300040005049002700000700009008013006030000000
000000040740003006005060803000000052000196000130000000609010200300200097020000000
000000040900057800400002006600030000020004960007500000010000000000003408008009370
000000040900601000540090007000360200000005190400080000080000700000050062370000000
000000040970005030005600900010706400000080000003201070001004500020800017060000000
000000041000500600020018009070001200000090000008400070400130050006002000180000000
000000048500003010300460000010005009004030200900800060000096002090500004760000000
000000048900070001186300000009001005070050090500600200000007852400010003250000000
000000049100605700002900100063002070700000801000000006086000000301260004004030000
000000050001943200000080100000002605000809014040010000789500000306020080020000000
000000050002007314000061000009008002060943800500000003400000000080010700000205000
000000050002107000030500000400000700000036000003005002050004698001008005004000030
000000050006040017040008600407230000050010000030000490001670008070900300800000000
000000050008039000059010820000057003090080000000000402000005016704600008000000000
000000050009702000710900008108000507050000620020000000006194000000503000000000970
000000050020047000308200006007000100005008000090600000000410302000080090004003000
000000050032001689060400200021003000050900000000080000000000070018000500000192300
000000050053000007000107600925000000000000940001280000000006010067002800800000300
000000050082700009500890000060050093000000000370010060000083002700009410040000000
000000050100058609800020401003040000000692000000080100504010003908570006020000000
000000050800090043020005600400000070005007000000041009040700060301000000000004520
000000050804005000020006003102800000070090080000002504600700010000600809040000000
000000053100032000004006000070000302026070540305000070000600700000920008480000000
000000056091300000600001003008000700000940000005000930820000000300096002000704000
000000057100000900930040002300080000090005070024600000000000000500001090073500640
000000059000900600010006207403009070000080000090200301902300060007002000840000000
000000059008290060000006030300500200400070006007002008070800000050043600140000000
000000059200000000064010072020500000007806900000009060870030610000000007340000000
000000060000007903805010004006008390000050000034900100400090502903800000010000000
000000060000704091001000873000003000090020600015008004000030082270040000000001000
000000060010008009408500000700089400006040700009370001000002105500900020070000000
000000060020089300608000001000008040007030900040900000900000205003170080070000000
000000060030500901800403005001800002960000038500009100100207004403008010050000000
000000060080351009900000300400930050000000007065040000090504100007000080500800040
000000060300009082020060105902105000830026050050008000090500000000000006000007219
000000060400070008063500001004060000000000800020100530076000200000001000580009007
000000060500006201620900000004070008000805000300040900000002034409100002080000000
000000060600910008030002004000030157000000000173080000400100080900074002060000000
000000060650470009000009207001000040003020500080000100207500000100046072030000000
000000062006090010000027000205014007040000030800000000010075300079043100400000000
000000062700130008900000300200000000079506020010000009030900000000721500100005400
000000063300020000018000000400000300000047800201530007060084005070000020905700000
000000065008030100000100000010000000006080010005000307240003000900005800000007901
000000067000040000000509300001000480090078000005090002006300010500600200700001006
000000068000930100000005007030100075009000200720008040200400000007051000690000000
000000068400009750603700000000074000809100070000000026902450080007000000000900501
000000070000048006098700034030481200982000000004000000020000900000039000100206003
000000070000450000000002938900000100300906005008000007514300000000019000060000000
000000070001009060090000450100000300080020007004760010040031000800090000020005800
000000070006201008050040100001006000900030002000800900004020080800903600070000000
000000070009004003200670080005090060000403000080010700090051004400300800010000000
000000070020005009306010500502800004070000080800009702004030907700500060010000000
000000070058470003000530006100900300507000600080001047370000000040200000800000001
000000070060107008020068000900030100200080004007020009000310050300402090010000000
000000070075010083063000102000093705050700000000200046007100000820005000016904000
000000070090460100800007060300090000014000950000010006040300002003075040060000000
000000070402500003008040006000600100000358000005004000500010800300002509060000000
000000070600029300009403010002000830000000140300058000065010000003000000070002006
000000070810000060000000153000400030003010000000090600001500047900008000640020300
000000078030800200480007100007005000900020003000900600005200081004001050120000000
000000080001970500000004700010060804020000010903050020005800000004037100090000000
000000080004005100060108709006000094000000300053007000079020000200900001001700060
000000080005071000000038906054000009070050020900000670501790000000820400030000000
000000080006040901500000300008005002003601500400300800001000007709050400030000000
000000080028001007600000205000078030000604000060520000504000008900200410010000000
000000080030009571005080320600000900027400000000003800300007000001200005074000000
000000080040280900100000006005009604000000000003060051000002008600003529004700000
000000080046200000300059000720100600005070300008006027000730009000008460010000000
000000080070054001000300007900003520650200008000000070006700030000092004085000000
000000080100400000050020600000306001003050090400907050008200900060000720040000000
000000080700050100009402300302500000000276000000003402003108200006020005010000000
000000080720500000000097050800003910005060300073400006080630000000001032040000000
000000080901700006040056000800309004000040231000000000039201000000500070600000020
000000086001005290080100000043070900000000000005080340000009010076500800950000000
000000086450001007000500000004060003001020900200050800000008000700400032610000000
000000087010002000509040600098006005000050000600300710006010304000400090730000000
000000089000100705390000000000810060001020400080037000000000016907008000420000000
000000089504032000000600000080000100002001040000560002040000570706020000000040000
000000089600050100000002000010006702005900061800000900706090000140000003308201000
000000090000000006600705042006080005510300000070100380100008000000504070090070008
000000090000000307004802000007000204000007610006040009060570800700010000020408006
000000090000006003060380402080000000200000000090450300003002570000000809600107000
000000090000094056000000710160040800000305000005020049076000000590130000010000000
000000090002503001810040000006002000250301074000700800000030068900607300040000000
000000090003270100670000000004300000001000085060000200000059003890100050000082900
000000090007004000001280000052000060000000800403007005200000004030190200800500000
000000090031795000000800005026050004800000002500030760100004000000361540050000000
000000090100007450009038020700000000006714500000000006070420100081600002090000000
000000090310090450000006310007000030695003800100050900070400120000000000003820000
000000090400000005800947000006800200150000600000003700020006000607030000040020830
000000090500039040007010200006007000000040100908050000030000070400005000000201800
000000090503007800010200750040070300000491000006050070087003420001700508050000000
000000090631008050000100860020604300000050000007902010018003500040500128050000000
000000090800006005005040600021000000000300001000009260030500000480100009060090080
000000090900702600080040000000000200050061000402000005300008700706900000000500004
000000091500070000093005004080000300600530000002008060000800040714000032000002000
000000091600070000001052000003000804100060002405000300000430700000020008790000000
000000092640090500002000710500070000000006820006800001083064000200000008059000200
000000093000500100005430007070120060008700300900003000040000000600304008003207050
000000095000600410080003060600700041000050000750008009060100070027005000940000000
000000096064003050000060004300010060002307800070090002700020000040800670980000000
000000096100000000069704300320006000000080074004100000000001800037800010050020000
000000097000003000405200010700400360800000001046009002030006208000700000580000000
000000098000486000000000300500007020003600900080002006930000052400050000020704000
000000098006810507500000000004003900000070002071208000415680000090500010000000000
000000098007005010000703006000600007050010040100008000800402000010300200320000000
000000100000207004900040060300500480060090020025004007010080005700305000002000000
000000100001830260000001003408070030100609008070080601300200000052093700006000000
000000100005079004060200000180602970700000002004090000000000006047080000800300041
000000100150300002006140900004002009570800000000000000600090720917006805000000000
000000100210030040000004009003009007400080006600200500100500000050020063004000000
000000100690000008003005060000820005001000700007409000720000003004006000000090080
000000102200847005006000080100009000004050300000300007020000500500673009907000000
000000103000600092100700000007010300000054006050300080000003009980000400065900000
000000103007500000080904020030000006700080001200000030040802050000005700509000000
000000103007609005000400070503040060020000050060070402080007000400803900102000000
000000105700020090060504000006009000020685010000100300000902080070050003908000000
000000108000400035000827000020500004001000800400008060000965000960001000705000000
000000109800000000079103805000000000000268000064000007007090300020001006001057400
000000130080300060402000005007804690800160000000079040090000000750008000000000357
000000140020019006005000009800200070000537000070008001900000400700650020063000000
000000156009070020000005000030004005007010300500800090000300000040090700368000000
000000156020700000000031000000000005000560490300002000004000000100647200067900000
000000195060900200000048000207006000030009000000000050500000004300200010078010002
000000200002510900580000000108004005090800034000020000700000008003090070400300010
000000200008070309900800050640050000001080500000010042020005006103060700009000000
000000200060400050008061004070040005600030001100090030300710500010006070005000000
000000200073000010009240000700100026001607400690004007000059800050000390008000000
000000200080006390904070000007100003800020001600003500000090802045800060008000000
000000200097530000000040000800006700000070021000003008180200050036000010050000804
000000200208100030460000001900406000006080500000907008700000093010002604003000000
000000200460021800090005010500000420000702000026000003010200040004910058008000000
000000201080040000700650000470020000600003008000000690008700340000009000040000005
000000204046700000070800000001003009004060700900100500000002060000001350208000000
000000204103090060050000000020030070000060500000001892507100000000005008006009000
000000205050060014200000390182407060000000000006318000570000000001030000009270001
000000206060304000030000094400073900003000052008209000007080000500000100016400020
000000210000000983030900754107006000080300000053070800019708000008290500000004000
000000210008300000910060004000004600603020409007600000300090021000007500051000000
000000239000060800000109000001200005003040000800000072040037600050000000002400090
000000239001300000060972000000000010018400006000060940500000700006195000003000000
000000240050076008800000006041600007000904000900007430500000001600320070028000000
000000250060410003000006400390070000004000800000050031006200000500067090049000000
000000260000500040020604001300000500007030600004000008900106070050007000018000000
000000280000050106003000000000006004000340000710000800800900000630700040050032000
000000290000030700008002001000094002080260030001305060530000000800059000004100008
000000290040036000000800007006200003080090070900005600800009000000510040034000000
000000295010930070050040000005800046000000000360004100000070010040098050287000000
000000300000090170000805026008003700040000093001900680170408000089056000003070000
000000300000106840000080029080090050005704100020050030210070000036208000004000000
000000300002000046700005010000000000026400950004100038037010000001200093000089000
000000300002001008000275006040900000680020054000004080300167000900300700008000000
000000300003004050050600029060050008040206030300080060930007080080100200006000000
000000300020000079850003006006200000000784000000001700500600098910000040004000000
000000300030058200090007056000130400900000008006084000260800040008520070009000000
000000300040005080001070406000200500720000041003008000607080200030400060009000000
000000300042700000000005092730108900000050000001203058850400000000002870006000000
000000300100008020734200009002910003000000000900084600400003976070800004005000000
000000300160000504007600002000402003904800000350000000000010400678203000000000000
000000300700800094300072100000000900080106000501040070604020000002900030050000080
000000301010064000005200000001000026040020070570000900000008600000540010904000000
000000302000804007000090085007040020405000608080010700750030000900107000203000000
000000304000800000306500709903700005100960000000004000000000200060000010509002036
000000306000400010000050008010060000200508003040900070000700000600009802009020034
000000328000908005000070040300007190007000200091300006010060000900501000542000000
000000340000500000010943002650001890130000060000080000006000050000002739090400000
000000340600003000000050102400100020005090700010007008206010000000800005037000000
000000345000006000790400000800000970500040002032000006000005093000700000215000000
000000357063700009000000000400000076001200900630000002017603005000040200002850000
000000360210000000803040001000054000000000708081030950004670000320000007000093400
000000365103005000800040000004009020080020070090300800000070009000400102241000000
000000370209010008007500000008001000300040002000600100000003500100020904045000000
000000381001040090900800000002001000506090107000300500000004002070050800648000000
000000390008009560200000040003500000860001200040000000000805410057690000000030600
000000400001800030407900005700450000009060800000091007300004701060009200002000000
000000400002006005400120030000008071000060000380700000060035002100400600009000000
000000400007060001000400073003098006000020000400150800230009000900040500001000000
000000400500900003000007105920005000010702050000400089401200000800009007005000000
000000402809006000002080009020005000006901500000700040200090300000100907601000000
000000403800400960000009021000100002009070800400005000910500000047001006502000000
000000405010850060700000200000903004009080300100706000001000008080065030203000000
000000405050009000000070610005807003860000000000050070300008000040001500020400000
000000406000030100060002098040500600900000001002009070420700010007050000601000000
000000410000900000032000080007380120000095600000071000960030500000008000170000300
000000410200160000700003000000900200830010076001007000000200003000078009045000000
000000410430009000009000000002073800908000000010008060000000008067400020500010700
000000428000070000900005000502080007003200004000000030000060003800003500010800072
000000430046305070000004001090002600003000800002700010800100000010809740034000000
000000430603000009004900005507300000000004800400600300056710000000005000009430060
000000470000384500020000006050400607180000000603000050000502310200001000000890060
000000480604800070000015006035000000900060005000000210100790000080002104029000000
000000483030005600100800005000000000020193000001200007840006010300000000007010006
000000490000034001001800007100607040000000070093001200460100900009500000005002000
000000500000010094160905020000500042000309000750006000070203051380050000001000000
000000500008462000600000094052000000300000100000700040460500012000216030000009000
000000500010700820600308000500010700800020040090000100300006000006000007058004000
000000500072000080501260000000700001306010207400002000000039605030000410009000000
000000500078000004400736000000380090200900060000005002080010600061000009003000050
000000500086050030000008000700500800300100060000004007070600304000090200609082000
000000500093460000501000000080006002400020007700800030000000409000071680006000000
000000500100020070230004090802096000790250000005040000000000100500100038000060000
000000500100064090000053700003040000007001002000800000000000080791000060805002010
000000500370002040008076001000001900100080004005400000700360100080200079002000000
000000501509006000000300040700035600000000007300810400200008095903000000007200000
000000501700000068008502000007800002000409000600003100000307900170000006402000000
000000503000098000856000000003400009070080060900001400000000271000350000604000000
000000503003000460670000012010240000090005000460003000000000040080964200700500100
000000503400000080000730000500000006068300010000004009000020004001005000207008600
000000504000070100070000083700900000086300090095028000100780000000640200009005000
000000504300240060000900002090508000510070080800001720700000000600059000084760050
000000506008000020070060090400700600100603080000000000000080030700904000056300800
000000506509300000000000070000050000030070040040210008016009400358400010900000080
000000509056010000000780000020060031004200000007000008000901704080000002400000090
000000520010030600006700004200003000030090080000500009400007100009010060058000000
000000521000400000019000040000000083007910200260007000000000000080690007900300105
000000530003008017500730000800405600000010000007609005000064008480200300029000000
000000560000085009006200004004070090030402080070090400500008700800320000021000000
000000560010800009000013070000200105000030000204006000080970000100002090043000000
000000570100000409000206000805000000600000905049030000904120008002400000000080003
000000570100007042003620000001000004409200305050800020000000000600702901900008007
000000590035008000710003000500000000000000602870036400600720000000409017000000000
000000590062000000000394002090850300800000000000000740000900010070230000001005000
000000600000024000031080000600000010008300470092700000089030002000400180706000000
000000600000038010302040090700000350000080000019000007040020108020150000006000000
000000600000502800039100000000008000002910000000370059005000000910000004040000306
000000600000902300390840007005004000000500008001790500908000030400000001060100700
000000600000963004362000005000002009001050700800300000200000186900178000004000000
000000600001900020700060048000635090006000400050412000170050006080007300002000000
000000600006010038780000009000031820020500000014002093000870000000000016450090000
000000600030000075790100000000000800600008540800200000005900000070005032160040000
000000600040178000000090030300002008260005090007906000000000000700400356530000070
000000600080009020000540900620004005500010002800700036008052000070800010004000000
000000600500072100000900002900000370240000019071000008400001000006380001009000000
000000600600000043320090000000750008870002560100004030000000007000245000081060000
000000601000078000406000090052000008000103000700000210080000506000940000507000000
000000601408900000010807000800290500003000800001085003000501070000008206204000000
000000601800001070000470900900052000040000080000690002001039000020100006709000000
000000602009000051050002794000406500000000900007900020504170000072008000381000000
000000607009801050030050000200009000094060380000100009000010060070504200503000000
000000609268000007009004000070105000400060005000702010000900500700000821803000000
000000620500100080100029000000000109000697000702000000000530002050004007018000000
000000640000600700000130008040500060001000900080007020300025000008004000072000000
000000640190004005006050000007000009500928003800000400000070200700800091051000000
000000650000000014008406903006005081000004000003820500609002000820300060054100000
000000650701090000090000001004750300008000000000836105400002006600070000000300200
000000670000096001780000003060000410031400002000050000005041000040000090070300000
000000680000010503063000019200769008040085000000000000006040100314200000900000020
000000700000090080007600012000000000029071000060032004080200000004000300700809400
000000700002600010060951000506300007000000293700000800040009020008002300000000000
000000700006090054000502010002800005050000030800006400080309000910040600004000000
000000700009080420000210008030005001001000300200600090400073000065040900002000000
000000700040900060003065000000080306020476090601030000000610900050008040002000000
000000700048001056170000000000480002004090100800053000000000073730200910006000000
000000700070509010003000009000030026600050800009720000100400205090000078300000061
000000700100009030095100002004006100030007050900020000000050001750360290000000300
000000700300005600004370050005080006700030002900040300060091400001400005003000000
000000700300200059000008041040010500100070002006050090580600000460007003002000000
000000700400270001090030050700010030004903200030040006060020080500086003008000000
000000702300700000020140085080005020000300010106000000004000009900020000750000008
000000704040900086001060900100080430000302000037090008006030500920001060703000000
000000705070080060500300008005007010040060020010900600900005006020010050804000000
000000706700900000009200004900008032370500000000000001036820000200006010050040000
000000708539700640000000050060503100070000006340060005000004000002300900000028000
000000710060050008000203096020006007004000300100700060430501000200080040057000000
000000740000780000008041020069102080005000600200000004050000470020009000900400003
000000740020503600050008000006000002010609070500000100000800030002104060098000000
000000740900800015060000000100409007005006000000002900604050000000004800023700000
000000800000000035005060209020930070300001090010002300400008000600040008080309020
000000800000023009000715000005080040076104080028030000200000008000570061050000470
000000800005006009010004030040080600007090300006020070060900010200100500004000000
000000800030807600080600029009540002040308050005072000000000430054700000000010000
000000800100200000003450906600002370000010000084300009901023600000007005006000000
000000800200010004007026009006009000030172050000800900400790100100080007005000000
000000800450200000000471000000000620001086007003090100000000001060004500020600090
000000800590030040203500009100050004000060070000001000006080302000970050005400000
000000800700090010000507030903700000800426003000003506080301000010050002004000000
000000803040000000000050120000700004002065000000028350105002006006007001900600530
000000803080206000400000010003005007020090060800400100070000009000304050105000000
000000804000000070189007000600070080408203905010080007000900563030000000504000000
000000805080003090010570000600300002000040000300001007000059080090100030402000000
000000805400080060060300010003900007500000008700002600030009020070010006109000000
000000807054010200060002000000104030700000006090806000000500010001040790509000000
000000809000053000000400020700300900450060000010008007900200060008000300040001005
000000810000001003490600007080020400200000001005060030700003069500200000064000000
000000840006000090300720005400000063053000000700000200080304000507090004030500000
000000850003045006020000001007004009081000000000670000000000028000013900406098100
000000869000070000002500000090100040030260008056000000000001000003000407419800020
000000870032000005400000003001080000008023000260700000100057030020900010504100900
000000900000000010080003470040000000506020004000080690750004081004100000901000000
000000900003007040904080007010900005069050780400008090500060809030200100001000000
000000900004805010060900084050630000001070000200009300000500001100300607800000000
000000900007460000850030200900003002070000060200700004002010035000046800001000000
000000900010900040409030200000189070001306800080745000008070109070002030005000000
000000900030000001620008530000530070009060300010074000081600043400000020003000000
000000900050200000400053080006000090200708001010000300030940007000006040008000000
000000900070806010006003002089000000000080000240060700000000106004001200500400003
000000900400001020700580000000010503090040010307060000000034008060200004008000000
000000900710020080002603000420000300007000800003000052000409700070050019006000000
000000900800007046002080010900030400620000030005700000003005100280000090000010083
000000901001500002200006070310040050000080000070020043090800004700001800806000000
000000901020506000000800000800700000007024800010380020900000700040930050060000004
000000903002030060800100000700005010040000020090400005000009002050060700104000000
000000904005010038000200000060090500400608009001070040000007000810040600304000000
000000905380600000040000130004000251020080400100000003000020040000905300000300017
000000906701000040000970000007400002610090054400002600000013000070000508208000000
000000907000508300008030060050701800000060000006302070070020100005409000902000000
000000908000380040201000500700900003000203000500006004009000701070029000104000000
000000908720000000084700005001080290006009803000010000500000000002450100000130080
000000916090700000005000008080900200007032001000005600042600000030009405900000003
000000920098600004000400071000050400000008263840200007750100000230000000000005000
000000930000030004500708000010002609050000040604100020000604003700050000091000000
000000940050070008006000003000097105010080060504620000100000700200030050069000000
000000957004000008000607200700054001000000000200380004007806000100000300492000000
000000960008706300000400007000100670020030010051009000400007000003802400015000000
000001000000000102000205870018004260035000000200010003603000000704800000080090700
000001000000030020004005197003800000050000940691004003800060430040007050100000000
000001000000080370200400050009002004040060090700300800060003001037090000000800000
000001000003240000020705104061000092030000000709000506008004900000900050004308000
000001000007008400002730050000070048680405100000010600054000730006090000100040000
000001000008047090000960000001300062000090008030105000050000000900000473070000080
000001000048000070309200005000020800006903100005010000800007203070000940000100000
000001000380005010006380000000006048040030700709000500007400200500090060090100050
000001000900000086003470000000010200010507090004030000000093500820000003000600000
000001002042600000071050000010009500006000901800500630000345060000006700400070000
000001003000000700000974120004003000001005600206490000013060008002000050800000900
000001005600307000008000230020713000007000900000895070041000500000102008300600000
000001006037209000100040000001020067800005100300000050050004090403000070010370400
000001007600050090009030028200006000000240009073090000000000004000500810041020000
000001008006003050050600900500090017470002000000000200280000070004030100105049000
000001008060500020000003704509002100000090000004300605401200000070004030600800000
000001008096030000180470000000000030000000900730600280500008340060204800004300000
000001009000259030100060500008000013406070920200000040050042000002000000600890100
000001009040000720003020804060200000009080500000004070601030900072000060300500000
000001009910040500002090640000010002089003150001500000003860400200030010060000070
000001020001090640000600000080100290093807000005200070860900510000006004400000000
000001020007860001100000300700230500000000000001097004004000008300056900070300000
000001020800239000000070500280000050014080670030000089005060200000547006040100000
000001029900630005670200000300849001000006090000002450020000000006000800000003940
000001030001080500072060009000200400090040010005008000700030950009070200040600000
000001030005000020608030400000300250001804700092006000003040502050000800040700000
000001030700050000091000020500009804000000000306800009020000750000040008070300000
000001040009050706200700000006000057000563000840000300000002001602080900070100000
000001040300790001061000000000050207700000003605040000000000190900032005070500000
000001040529000710400000805056400000700200003080060000000000000000030098932070100
000001050900000200020580600300807900007040100001205004009052830002000006060400000
000001050906050800001004002004008090002405300080600100600500700005030601030100000
000001060005000429200000008070500000090184030000006040600000003952000600080900000
000001060076950000000008900003090210100500000090000806300400000600010070800009120
000001070004070003090000408900700060070040980000600300010287500030000009200000800
000001070008000509600070002004200000700030001000005400300060008907000300050800000
000001070017005400030090000004200003300000007200006900000050040008600150060400000
000001070060030450008070003090006000600050008000300040300020700025090030010400000
000001070290000100001600009820050700000030000009070058700004300002000085010300000
000001080060400020002060005081003000600010008000200130300050900070008050090700000
000001080100050003640300000008000040002803900070000600000008057800060002090200000
000001090000005802902860050809000070000609000040000309090076508601200000020300000
000001090000085700593400000008002003900000870010040050000000000006000010200060000
000001090408200003000060040005003000906000507000600300070080000300009106020500000
000001090700390020080000503000000000014060800300500070000004200000008000079000600
000001094900000600807000000040500300090207080006003020000000208009000001520700000
000001200050800490700400008310007006080020100900004000000010603236000000000000050
000001300000000070105304986001003400607000000920000000000200090000035000000406105
000001300000090001002356008005100007081004200307020000500010090000000802096800050
000001300820700000000020090050060001040010030700090060090040000000005048002600000
000001400000000013081020006040800030800060009010003020100070340920000000004600000
000001400004630007900000060000005080400090003060200000080000002700049500003500000
000001400050020090200630800100000900068070540005000003002048607080060050006300000
000001400400000007002003900500008040001000700080600005009400100600000008007200000
000001400700060010020800700030002000600080009000400020001009050040010006007300000
000001430000000006140700008760020100000050000002030069300009084600000000058200000
000001500200094080060000009900400010037000290080009003300000060070180004002500000
000001506158002000040070100380200010004030000719000030070408900000020700000000008
000001530060800029000000700000402003070000080500906000002000000790003010053600000
000001600000002914000800020395000170001000800000050009600000000017309500004060700
000001600000008020630200000780000900096403180001000076000004093020800000008500000
000001620030200004000507900700000300850000049009000001004302000100004090093700000
000001700004000056020730000600300100080060040002009005000073060950000400003500000
000001723000000060061300004003708200000040900805290007028400009907800000000000000
000001800025003700003800000000006001090000000700102004006050070300000240000009003
000001800200000009509008007030005006002090500900300040600100702300000005005600000
000001803600309500070200000086000104000000000401000730000002050002604001807900000
000001804078530000000074000000005201086000030000040000069000000000006100007290008
000001900000052700000600548309160000050730460700000000600010370500000000008500000
000001900000750060000030805080009007094000580600300090905010000030072000001400000
000001900007500000530060000600300401020070050305004006000020069000008500001400000
000001900080004000250030000020000078008000300640000050000020067000500040003600000
000001950258900610000700000000060400004100530800000002003040100000000200609000000
000002000000008107087100060000000004200060790371000000000020070005000600420050001
000002000000060070048000905003090060500020003070080400205000810010070000000600000
000002000002051340001000080800060200060000090003090005010000500075430900000700000
000002000018000000024000509000200008000010670600003205003026001000070050006905700
000002000037000000905600020000036004800040001600750000010004602000000780000900000
000002000063410000090300010026000570040003000700020008000200901008100006000007350
000002000090000620600070030008000000200308001030450000000000065009540000740000008
000002000400050030600000005090000010500700000037600090380000000050000960000009021
000002000560100200000050009000007090800000006042008030015000080380040000000060710
000002001000700030750040006000007900408000305003800000500060093030009000200100000
000002001056700030300900800020009008000060000700100050003004007010007490900800000
000002003050000027004100500002635000000700240900800000003040160040080900590000000
000002003090000001600018040000803500004000700002104000010380009900000080500200000
000002004000370000000800690039050410001000006056010030100000007900000250000430000
000002004062004395000000800700013008096800000300000000000040000070000402000590087
000002005004010038000000900870056240603070000040000000030400006200000000009807500
000002005005010600000395080607000908000000470094000100089401030703900000060008000
000002006039006080200700300806007000000010000000200405008009004010800930400500000
000002006200600930059400020060900050410000800000000000034050000000000007890043000
000002007805300200004000000120000000000708090000045003600400078000067001010000500
000002008036190000005080010001200003007000600200004800070040200000059780600700000
000002009000800140000064800006000020010050070070000400009270000043006000800100000
000002009060301000005000300010060070900810030000500000082700000400000003007009005
000002009900358000000900500800001902007000000004006058000000800560090030348010000
000002009907000100001050030470000000060471090000000042010030900009000504800600000
000002010090010008820065000080400203200050670009006000000500000000007460700090800
000002030000057400000390012080071000000200000003004095090040000006003000702600900
000002030000080001052006090000007004009010700100300000030600240600090000080500000
000002030000900000350070000890600007102840000005000060008000200040029370000700005
000002046605000080900800700300080000000293000000010005006005008090000102830700000
000002049403800000000700200300040070006000500050070002008001000000007305190600000
000002050000900006000016002094300561003000708200600000400005000006009800100003070
000002050004100800060000047000010400070509060009030000210000070006001300080700000
000002060200046570004050081008000046000000900020300010080700000003510000705000000
000002060200050008040900100300008005005060000002100080400800700001000000007090206
000002063000070580004009000801000007000000000900000802000200700045080000130400000
000002080100074030000830105009000200030000090004000600705068000020350004080200000
000002080300070020000005309700000050045703810080000007406800000010030004050200000
000002081901000000052008000200001060006040700030600005000800930000000407720400000
000002089400070600500001000000200360800090001024007000000700006003080004250100000
000002090008500300006010020000000504070305010103000000080020700005004900030600000
000002090070000001200800504000300000000009800518000000000704000701000900090200067
000002090200084007000700200007100048100000020508003700340201000002000000001540060
000002090420190700000080000006000300000573000070000081800000005205400900009300020
000002090800030007000700100100000006209000030083000700370640000906500000015027080
000002097500000000093087500008005009005000600300900400009760210000000005210400000
000002100040080300908300000009008006500000007200900400000001502005060030007800000
000002100710000300000300076402908000068000200000000008200740600600500924100000000
000002300098005040100600070904000000070000050000000601050003009080500420006200000
000002300790004008040000750060350200000000000004016030076000010300900086009600000
000002400000300098030050100290030071006000800000000005005900000007024000100007050
000002409004007560090050073000500041003000700450006000710040020025700900906200000
000002410200008005000050720006390500000000000005087200073060000100800006089400000
000002500041300070900080030200000040005010200080000009060090007020006410003500000
000002540008000002050080001570320000006000300000045027800030090300000700019400000
000002600010600040900140300600000830005060200074000005007091403030004090009800000
000002680000000903008004015000010307000508000905030000250800100109000000087600000
000002700004010003500090008206000000830000046000000305400020009900070100005600000
000002980600800070000050600010003000900010004000400050006090000090007002038500000
000003000000060907290004065020000010006010500080000070740100026802070000000900000
000003000003020800100000390840000002000207000000040036605830700000900200070006080
000003000010200009020080305008060090100090008090010200407050080900006040000700000
000003000050002940290010008070000600000897000004000080600040012031200060000300000
000003000100000070072800504065001000000040000000200430209005710050000008000700000
000003000607020000082100007060009080700050003010300050400002530000010604000900000
000003000780001000620400001057000900000906000004000520100004039000100047000800000
000003001000720080052009000009000004008601900200000700000200690040057000300900000
000003002050000089000870650000008001009060200300200000032057000810000040700100000
000003002801000300020400600030010720100000009074080060007009010003000405400500000
000003004002008900003007500000000006400050010100080200657000000000090002000045080
000003005003070004940000600006015000010000020000480100005000073700090800100800000
000003007000401200005600830080000002206000301500000080048002600002504000300700000
000003007001004500090020003030000200905000301006000090100050080002600700700800000
000003007070900060000010240060000470700802003092000080046050000020001030100400000
000003008000000630740005002004300000009020560200000040058006000600010800000200000
000003008002050060500900000040800902200040007809001050000006003010070800400100000
000003008005020070600900200520000001030700050001060700003500040000096000000008300
000003009000960040001400002005000701080010050104000300300002900050078000600500000
000003009003000400170500030402100000000805000000006501060001053005000200900200000
000003009500000200040910060300008590000000000092100006050064020008000003400700000
000003010290700000004060000002005006500010007300900400000030100000002095060800000
000003012008005400170008000000000045430100200006000900000000100000800000867000030
000003020008450007073020004030900000051007000600030500000006081700000630096000400
000003040001000025000006103710040900040000070002070068206400000950000200070200000
000003041600000900020005000006007000750040093000100200000300070003000004580600000
000003060070601089000790150023000700000000006098030000005309070201800000000000004
000003067000700200640000080000014002004020600800970000060000015003002000190600000
000003070000080003034200009820000901073001240000000000000090005046000000007004000
000003080000500100050000074500078300070000010009240005480000090006004000010700000
000003081030740000200009000600900700004030900008006002000300007000012050410600000
000003090953000000060700800005100600000342000008006400004009020000000168030600000
000003100000000700470001038080050200500010004001090080360200091002000000009500000
000003100001850000028000009040007000500000700060935000000290003200000000000006085
000003100270069000000400009003000098004020010680900500040016000009200050000800030
000003120900040805800005000300006080000030000020700004000500006605080001093200000
000003200000890004051000090000000360800604009092000000020000780500042000006100000
000003200025009004810000500000050170000000000061040000007000036100300750009800000
000003251100000000030040070078010000001450000000008004009002000000900006000631902
000003400000854020000000600030001509800000000040700003000009000150048307406300000
000003400100000072540002800010036000008000200000790030001500089870000005009600000
000003406000004000000060850608000120920000035013000908061080000000500000704300000
000003600000020957400700000093500000100000002000007380000005004652070000001600000
000003600900100000056270000004000030020308004000900200400000057005000009100750006
000003700053080024006004500100400000000028000047106000030000001000070230200000006
000003800030000012000095400001004007800020004400800500007610000210000050008900000
000003800071002400900500010007005030000080000060200500040007006003400120006100000
000003800190080000500409060004010007080000020900020500060301008000090014009200000
000003807007080030038009510000400006090050000701000000509000082072000900600900100
000003900000680402030500000007008003090050010200700600000009070708035000009400000
000003900072100060000800001490000100000020000005000094600009000010008370003500000
000003910002001008080500004005010063000706000690030100400008090300100200079600000
000003940000017200000000005240090100008000400090030006030400020000006000827000000
000004000000700030014000097260403000001000000009680040000090064300000205008200000
000004000002700080060295300028000710006000005407000800009406020070300100000020000
000004000005800200260500100400000670500090003093000002004002085001005700000300000
000004000006200300490030700000065001800000006700190000004070062007002800000500000
000004000050018940090230000530000600046000270009000085000043090081560020000700000
000004000097100308021000070070900800000000050200003607080509130003070500050006002
000004000430050060010632400720000890100000004045000032001286040060010029000700000
000004000700080006002160003007000000000036008080240900020008400091005000000000062
000004001000200803300005600008003052000000000570800100002400006903001000700600000
000004001407000000005020600050017080000042000000805200603050010000000009042091030
000004002614020500000000030507000013200030000000100005820900760900000000000602000
000004003002900000700002140000000000928000700100060005000500001605080000003007800
000004003300000060090010028041500600039000000000008700000020590005600000060007040
000004005002600000010980000700400001026000800400009260380040070009060300004703000
000004006200008100095000070001300007000070000900005300050000460002100008700200000
000004006501000020007300800008970000900000005000058700005009100060000302100400000
000004006900708000700090003000600000000079200000020080004200705070500060000000000
000004007002000090010700800000090035009060400830010000001009020080000700700200000
000004008050002709004500000200060810000000000089030007000003900706800050900400000
000004009006000000020500607604090000010030040000010508502003010000000800300900000
000004009040106000067000080000000370400205000005000800000600051050902400800000000
000004020400050007005001030190000600000020000003000085020400900800070003050600000
000004030008902000400000201100000040004203700060000009607000002000805300040300000
000004030400620100009000070070000001032000005800062000068000703000850400100000000
000004032005000004300000000004000800000080607801700005700030000020800076008002100
000004050000030100800600204009000060056702840020000900502007003007060000090500000
000004050204910607300000120003170500006040000000050760000000408410060300000000000
000004060091003000070900005430002000000090000000100028700006050000700980080200000
000004060608005003009080000023000000400902005000000180000040700500300401010500000
000004065016700000305000070980000000700010200000000083000000000540008036060905000
000004070007300060000050002510009700000060000008500049200010000030002800050600000
000004070047000008203709005006008000050070060000600200500903401600000530010400000
000004076000002508000800400800400050030050010090003007002008000104900000750600000
000004085009020000240000100520001070000000000070500041003000068000060300690700000
000004089000907006010060500003000600500040007002000900001030050200509000450100000
000004090006002800400700000970401060000050000020306047000009003002100500010600000
000004090014002800200030000003900070008010600040005300000040001006200940070500000
000004090400006700006503080709000020100030009080000407020401300004300005060800000
000004091000500602000020050070052003004603900200490070090030000602007000350200000
000004107300000009000005320006039000900000004000780600028100000400000002701800000
000004170010000002000029080600005420700000008053200001060980000100000060024600000
000004200002010005960300001000400650000070000038001000400005073200080900003900000
000004208002800540080000037060040003000507000800090050410000070078003600906400000
000004270300050800000002000002000085005090400810000700000900000008020001067100000
000004300000070008000800746008000000040003002700020610503007900009001000064090000
000004300500010700000600080079060000003080400000000260000800040820007050030009000
000004310010830004000600708301000002705040090060000140100057000000400050009068000
000004500050080100004006072003608407007000030000009000010045200042000060000000000
000004520070002000006090100120008705000000000807200046004020600000100090092500000
000004560060020840000000009000053200050901030003480000600000000095010070074800000
000004600003500000100000089008009020030020090090300400280000006000008500004700000
000004600006010380030080047000001004015000720900800000250090060094020500008300000
000004600346100009080000000070001980008070030204508000000200097902800410000000000
000004605001070000056800370008400007020000030500000908307006000005090000100708000
000004700000000090048350020096800000005010200000003470020096850060000000007100000
000004700000003016109500000000000090006017003901000068004700231002050000000000000
000004750000000012000260000005082107002190300100500000400870001610000000030600400
000004760000010000000802105092000030008109500010000870405601000000040000036700000
000004800020000001009600200900001050060407080010500007004002600300000070008900000
000004800040009050900630000560000200002000300007000098000072001020900030006100000
000004802000800700003010006400009500090000070005400008600090100004007000702300000
000004900020060000008005067069000040000010000040000510590100300000020080007500000
000004900090600005070080200043090800000308000001070360009010020500002090008700000
000004901008500030970000000602030005000040000800060209000000093010008500207300000
000004903100000070739000000600900000002601500000005004000000189040000007208300000
000004907900280400003000001000050002000806000100030000400000800008075006502900000
000005000000160700106970200031500000200010503000400000680030102000000000092000040
000005000000730005300004690000029000000060001026300007050003009400000000087500200
000005000002000064100000209004006800000000003809000010200958000057130000000020400
000005000002308006000007309120004000030010000009000780016000204800070010090000000
000005000004070530000060027000000001500084000003027060089700003040000000006342800
000005000009200700060019800027000000030657010000000470006740030003008200000100000
000005000030000620908060004610000300005000000000400007040508000001307000300000900
000005000040700600300000215007020000230097060000000050096300004000260100000074000
000005000080106009200047800630000007097000150002000000000061702000850960300090000
000005000091070020005003890400000000000000108020080006200000005087000009000410700
000005000301060270020010090006400009830000410500008000070001050003040900000380020
000005001000002700054030000030604005000009600091080340507208000420050008000000000
000005002050000600100900080012700500000401000009003870020007003008000050400600000
000005002200000100005060430008001007043602000600000000009000048700800900002906000
000005002310800040000000000000203000000070000040900280400000000960007003720040918
000005003000640008000008510050100040020000709403000020004030000006502000780060000
000005003000730081300000400000040068002000900670020000005000002230098000400100000
000005004040700602000060590009001007400000005800500200034080000701006080900400000
000005007000280004023700001479008100500000000000006900000004002380000000007150000
000005007015080690003000400408200000000070000000001506001000900064020310900500000
000005007080000430002800010004050006000901000200060700020004300031000020500700000
000005009000060380064000000905002000300040008000100506000000740057080000200700000
000005009000970010001063000090000002042039061603010000000000020060040803300790040
000005009027903000600004020001500002000040000300007800030700008000408510500300000
000005009740000000010080030008020005001876900400030100050060080000000097600200000
000005020000400500050039016006000001029000380800000200480620090007004000030800000
000005020090680500005019700000073160000000009960001000037000050682007000500000000
000005020700001003060070000000040061001000400280060000000090080300200005020400000
000005030000600041010090000003000004401050800200900060850016000006000200007380000
000005040701409300050000100000010082006000700290070000003000020002601405040800000
000005046004080090150000008207000000090304080000000309800000065020050900740100000
000005047000000208900040610010060004002059800040300000630010000008204000004000100
000005060020000907700060004051200700000010000007006240600030009809000010030900000
000005060030280000890000000320000900400010003006000074000000057000068010040900000
000005060050700000001436050000000003204000000030051009080500006700609430000007800
000005064032700005000040000300020000207504106000090002000070000100002480670400000
000005067000480020000006038002000050500807006010000700950600000040098000370100000
000005068046970002000000030010000205000010000403000070070000000200087940190400000
000005070000700306040006800008300002200000005500008600006800090107009000080100000
000005070400360000300001800061000900000578000008000430002600009000054002050100000
000005080600008702000000060900750008003010500400036001040000000809300007070200000
000005090000090003000648000500000304000030870031800200097100000402900000080006000
000005092001009400000780001060000050200090006080000020500021000007900300810300000
000005100010070058620000700860000007004080029000004600900000000070100003530069000
000005100200009000009310000040900280030000060027004050000043700000500009001600000
000005103960070000000002460006050000870000300000900020000240005100000600007000001
000005203000200400800000091305007000001090500000500304180000007004006000207800000
000005300000060001000800700002000000600071050900002087068020000540003800000000040
000005308307090000000203500000000120900040005046000000005609000000020807201300000
000005400900000020800040706020300100080407050006008040601030009030000004004600000
000005407005790060200000000000300050801000709040008000000000003010046500607500000
000005408007000020004180003900070004003008900005000100730420850009000000402006000
000005470000010090000400200008602050050030020040709100009006000030080000027100000
000005601030000070000064832000070000008501200504020007203090400065000000901002000
000005700700010008000600040005001003409000205100400800020006000800070006003900000
000005703000900000095010006103000002000700600040050080017009200002600400500002000
000005703580000210200000000040601008000480900030090000000006090010950070006730000
000005800000830001903020000012003040000000000060400920000080507800056000001300000
000005800040200070300000504030040600200050009001070080806000001010006030003900000
000005900007380001020000304000029000004000700000560000109000020600071400005900000
000005900096700000480009001009200703040000000200003050800001090000060410002500300
000005902002004030630000700070008060006000100040500020001000094090100200207800000
000005970092180560006200000020700001000000480000000000007964000000000030580000000
000006000000020903450100080520000800000609000001000045080002037704010000000900000
000006000000034205045802003050400070002600300008050400009000001074000060000000800
000006000000280000700005902000008005019050040003400700020009360030800200900002004
000006000009480005000003240060020900050000030001040080015600000300095700000700000
000006000040500370700030005000021000002804107010000040001000002378000000000003060
000006000150000900027400000700090600040837010005060009000005480008000065000700000
000006000792000016100000080000467000000800200078050090800000060010300005040009300
000006000800000700010740820501300004000000200029007100070102000006900300000003080
000006000800300102306200080004000030003050900060000700030009608502004001000100000
000006000870000000003810900034000052020009300007020060050400010090008020300000700
000006001000900060680000700201005000070403090000100503003000052040008000700500000
000006001009100070004970800030820060000000050065410200701300045048000000000000000
000006001070020600008700940085000069000000000290000830037001200002030050400600000
000006001090408000027000000640000002008000056075000800003500070050693000000010000
000006002500000030009310000003720004900000000040638000000000013020403706006000900
000006003801900000042010000700050080000701000090080007000090240000002305900300000
000006004000000750052400090100000025000000800504018000000870109000030000069000003
000006005000250400008070030080003001034000670100800040050080700001034000900500000
000006005830190002015030900900000028000060030048000006000600000480300000020081070
000006008020090710907000000000500800730040025008002000000000206073050040400100000
000006009350000027700400000000064008060000030500790000000008002230000095100500000
000006009700020000601000072852300400073540280000000000540210000000005000008400050
000006010009000740300200009930050000007000200000040038600001003025000800040500000
000006020090050740203000005300090008005800000000043960600000310010000000004700000
000006020600002951510000000001008700030409060000000002060540070008007000100000000
000006032860000007000009080000004160005000800014600000070300000300000078590100000
000006040000840370000030001000000700000070084080693000250000000093720000870061009
000006040008100309050000800000007003509080604200900000007000010402003500010700000
000006050046500200000800070000005704001020600403600000010007000004008530020900000
000006050900070420600080100000000007870450000026008000050000960000800200091020700
000006053000000210000940600900010700006070800002030006005064000081000000260500000
000006070030800006000401280000097100600000007002340000065903000800004030040100000
000006070800500024004000050500010080060830000009700000970000000000900500200005300
000006079000000006000730500000507100702009004400680050000000061260008000940000000
000006080036007009090400000005000007900010004300000100000003060200500790040700000
000006084002300070000000500900010405010509060308040009005000000090007600140200000
000006089805007200000100000600308004000049060009000370954820000007000000000000500
000006090009004601200910000308000060400090005050000804000085002803100400070300000
000006090020800000307000001002035000406000302000120700800000506000001030040700000
000006090900270000205000010008400000700020001000003600050000704000064008020300000
000006100000203006000000420200000000007090000006082007910007053065010000040000010
000006100019405030700200000200000900000714000005000003000009002060107490008500000
000006100300000002070054000980600300060000070003005081000570090200000006004300000
000006107000080024000700560004008000080001000300920006907000400058000003130007050
000006109000004800005900020270000006050070090400000000700208000010060000602000540
000006200080030010400100600800401700060080050001305009002003406030020070008500000
000006200400700010008500040087000600900000004005000980070001500030007009002800000
000006210000105648000040000005000083000050000190000400000030000264501000057200000
000006300000900000746000800100800030802501040000070020009000002060008000008005009
000006300027000009400080600048305000000040000000107890004010003100000460005200000
000006300210700000030980050079000000000010000000000580080053060000008019006400000
000006300930000004004100080015000008000803000600000570020007600700000042003900000
000006302000200000210780060502000040780000059040000806030025097000007000905100000
000006309000040600003100070000000082100728005890000000040003100001060000206500000
000006312030000000000100000740000008000920400900000060490050000000003007067040850
000006370030090024000800000005070160900000002013060900000004000590020080047500000
000006380031050000000000090009003500700625000000000000005010820920000004010070009
000006400008490020000300910570000800000030000001000059039004000080025700007600000
000006400030570060005040007010000002042000780300000090900010600070023010003400000
000006400080200005407000300300070000020901040000050001008000207600009030009800000
000006400102003007090010000000005900860000052004700000000020040200100809005300000
000006400400030000050000032079300500300020007005009680130000090000040008002100000
000006502000070400000900830002140000836000000000000900600000004900002061103080000
000006504010000060007400003920060000000000047000001300080050000300000200502970000
000006507000042300000300028006020013030604080950030600490003000003450000508900000
000006700030080060200900300500407800070060050004803001001008209090020010002600000
000006700300005004000200096207008000010030020000400607480001000700600002003900000
000006780006000302000400090000500013700020006540001000070002000301000900094800000
000006800000800710000070005078010900600000004002040670100030000053008000009200000
000006803902500010000080000709200050000000000060009201000030000010005904204700000
000006809600000000002107040014500000000000000000002700080050900109600000070390210
000006870090800001040000003405000002000300000080070040950007000073500290204009000
000006900040020030607000040500200061010000300030400790060010000000305000050004017
000006901070300002050000300400050000100207006000080007005000090700001060809400000
000006902000090000004002560800000103000403000302000005075600300000080000401500000
000006903005000002080000010070100000020304090000007050040000080600000500907400000
000006908103400000020000000400807000009000100000502003000000020000008409705900000
