000000000000002980257086040070003000609000000380004005000300620000045700006200000
000000000000200970100630000000000007002510080048060000300000090520000003067000250
000000000000450060082000905000015040008000600010730000701000830050092000000000000
000000000000600301009123000004800015600050000095000007000008400406000000000070290
000000000003106400079405260058301620000000000042809710014602580007908100000000000
000000000005060902406003005500090060800607003020030004900400108104050300000000000
000000000006000081000035607940000000037409050050000000000010230700860000000500040
000000000006903200080602030003405800500000009000070000900807001060000020700206003
000000000007020800863000152600809004030000010004000200090308020040507090006000400
000000000007204100062070480080030010009402800050090040038020790001706300000000000
000000000010008407008009030005700000000430900700006010090050728507100009600000001
000000000020050090069000370000090000006807400040000060100070008050010030002403700
000000000020748090690000078003090500000000000070020040056000980000030000109000205
000000000030490080001630000002009000000700450060050320703004100010500070005000000
000000000030908040001070500005040100000867000009020600006010700010504090000000000
000000000034105720016000450040080010009070200070000060700802006068090540000000000
000000000050019000679400080000008305090000020308100000020003768000670090000000000
000000000054090830317004000000702600100080002005601000000400259032060140000000000
000000000061000200050843000700400090005060100020009003000921030009000870000000000
000000000062000380301000206048050730600000008900000002800709003004010800000502000
000000000070200400009401703060500100200010004005006080508307900004009030000000000
000000000070608050403507609007102300080070010000060000004000800000209000509000102
000000000096000001200970500000020060013000400700058090080005300000000000000241800
000000000097060010800200047009800000630000025000001400260005008070030960000000000
000000000100090004006000200097080150800000003020705040030604080908000401500000007
000000000140070000005106900021005080400000007080700620009304500000020018000000000
000000000150000060790024100000200400062100700003045000000860000600050870040000690
000000000200490100000102490060004700040600050009030260850700000001058000006000030
000000000200800090004030605002900006071000320300004700706050800050008001000000000
000000000208010704050060030005000400000206000690807021000080000980000073001000900
000000000270040080000800103040300900000725000008004070301009000090060045000000000
000000000300705600000432180090000000704893506000000030031546000008307004000000000
000000000400070680009038400010005002004000700500800040007190300023050009000000000
000000000402003050800200100000004607010000090206800000009005002050700806000000000
000000000409060203001405600003847500060000090005916300006204700204070901000000000
000000000500010004030605210090020081007000400260030050026803070900050008000000000
000000000520030100300600052000100080012705340090006000450007008009040063000000000
000000000520930000401580000080100000000020490600003210070000100802005060050600980
000000000800705009063040100000030020904080506010070000008020450100804007000000000
000000000809070500501304780000200400036000090100006800070010320002060000000400650
000000000900040206003260080400800090030000020050003001070059800605010002000000000
000000000901203000308000409800614000000000700003080040000000070054079600006100050
000000001060200000407031200800000004040652080600000007009460708000009050300000000
000000002006000140000158000007005090001060300040300500000842000039000600800000000
000000002070005801100300040009026000008050200000840100090007006705900080400000000
000000002070380600040600008600908000490010065000506003500007030001069020200000000
000000002500020049070004630000208400100000005006901000025600090680030007700000000
000000004000002360083001000025090030006000700090030820000200950061800000400000000
000000004000806020203900005080000300000165000006000070500007201040309000100000000
000000004600700800020150000809007036000000000170900502000045010003006005700000000
000000004900006100700510030000700010402000800010002300501080000040900000003040650
000000006000003010180005300001020670000030000057010400002800097090400000500000000
000000006070021000000000540008050900500902001004030600059000000000610030200000000
000000007040800095005031000400003020006010800030200009000420700190006040600000000
000000008020106000001080530700000400040307090005000001053010600000609070900000000
000000008800005190005010640010000200000479000003000060061030800058600007700000000
000000009000020003046900050310200090000105000080009017030008420900030000100000000
000000009000250103000000802009000000028037000530820060050100400013000006060040000
000000009260000004750001080048090002000006000000420000000607000500000100370000500
000000010065009000302060000034502008008000500500603470000020803000900140040000000
000000015590006002000200600080009506000080000604300080001007000200900041470000000
000000018004060000308002056400090000500301002000020003740900601000040700680000000
000000020080003010640109350070432000001700000000000000000000006809005200000000189
000000020240000010007209800009030500000785000006010300004508200030000086070000000
000000028023009000015020000300200090009641800060003007000060140000400580540000000
000000030800006045050000800500002080406100000190070000010020000005800300200945070
000000038500070000080049001010700800200406009009005060300960040000050003170000000
000000039000100720025080000000004100900300000208000046006000080400009000000020007
000000040003800900007425000000000008480030015600000000000592100005006200070000000
000000050000400130700208400030090004000506000627000000000080000070005300208309010
000000050000903160000010007040000520207030904089000030100020000096804000070000000
000000060005007009079080310130600000000000000000004078083050790900400600020000000
000000060006109007200007405000900030800050002090003000902700004400301700060000000
000000060200007040100406209025100000040080010000005980502603008030900006010000000
000000067000002500076000003002008010800016920000004006350000009064501000000040000
000000070030009010008230006000000700780903042003000000900085100040700080060000000
000000070060407083000000604000096005009010200800370000701000000450703020020000000
000000070906002005001030400800500000030204090000009006008020700700800502040000000
000000080000439001090008200006090140900005070071000090600804000000900500703020000
000000081087920000000000000070000000590000200000006003300000700040061000600780050
000000090009030040710400000030000000602907800000020906060005000500010000004072050
000000097007013200020700800060080900800000004001050060005009080008160300240000000
000000146416000080200000000007806500500000000300900000000001459790020000000040070
000000180407051009000030000060005000059040730000900060000010000600470802028000000
000000247500870000006001000009500000002030100000009600000200700000096008438000000
000000300200007080031050020300026000020000030000410006050090160080600005009000000
000000305700500021000016000070039056000000000620750030000960000130004007206000000
000000351000000007080030906010704000060900700009063000500400000600098200841000000
000000370009750001080103000040300100000080000007006050000208090800014700092000000
000000380900000067560010000300007000000604000000900008000020041190000003074000000
000000400094000003683001000009080050040600000050000009000103600010000000000500082
000000400201005300060400010050700000009000102407008030090086000500090008000002000
000000450000020610001085302800000040000007030010046570058903000190000000006000000
000000470000700200000021096001006302800000005204500700340950000009003000017000000
000000500007030080980400002005600000430000090006004200600701020000040700304080100
000000560009000000000807000003201000800300004157040000030000600000060810020009000
000000600004500097002800010070003001000050000200900080020006300130004700009000000
000000600700001080300009015000000420000137000079000000510200009080500003006000000
000000602000003040000480390014800000500030001000002730087041000090300000601000000
000000700090500080007009600010090024020070060580060010004200900060008050005000000
000000705002010003060005080470003000000080000000100039080600020100090400603000000
000000740030467200060000000300000000010905000600013098800000005003000000500809400
000000740100900608000050002009060005070502010300090800200080000703006004041000000
000000800000004569080906340000010700070000038804060000005300000009070000000095020
000000807000902000000800093004500200005080600006004100630005000000601000702000000
000000809029800000000069001800004000007203500000700003700310000000008690205000000
000000830004620000500300060090001500000090000001400090010003008000069700052000000
000000850600035002000170004007500030009000270080009400230097000006200000401000020
000000900400010080050080070000038006001050300900720000070090020080040005003000000
000000902000050106800100030070908000009010500000502070050006003206040000408000000
000000908002000001000439200000006070100020006050700000005673000300000500801000000
000001005000080009002065010080009203000000000504300080040210700100040000800500000
000001009680000200009050070500060002000409500078010000000300600800100050730002080
000001030107000850690000000005803007000000000900504100000000068086000403020700000
000001050000350900096000000200005090060040010040700003000000120009068000030400000
000001070200340000069000005402000000080030060000000907800000410000019003020500000
000002000030007029060900700000005980009040600073800000001008070450200060000500000
000002004005003000200690705300200000064000280000001003901046007000700600600900000
000002060000600049160000200001309007007000400200507800006000013510003000020900000
000002090106080300050003610708000000060040070000000206012500730007020509030700000
000002406000004007000010850409200008080000030200007905035060000700100000906700000
000002507100000300907003008004900000030050080000007600300200106008000002602400000
000002590000100000406800000800070040020000060090050003000008709000006000031700000
000002640010000000000806059080004060400105007050900020230609000000000030067500000
000002810300040000005160070059000002600000008200000140090031600000050009074600000
000002840500007090006490000024000000900050008000000670000063700060800005072100000
000002900050900800008001037060130208000804000803056090610400300004008070007600000
000003006004009000000050079001900064040070020930006100150080000000200800200500000
000003070000100006060078050004600001001000300200001800050320090400005000090700000
000003075010006008070800003000600400000742000009005000800001060200900030190200000
000003150090000360503000000000560004070080090200094000000000508017000020059400000
000003204000000075050006010300200059010000020620007001070800030230000000108900000
000003485500000010000600020120004000000080000000700098060001000050000003793800000
000003605200850000000400008709002500600000004004300907400008000000097002107500000
000003900060500100700000480100050000020901050000040008074000001006002070008600000
000004000008000017090100005720010300060030050005090042600008090210000600000300000
000004000060009705830060400000006014000050000290800000001030068907600040000100000
000004006000093200009500870002300051050000080340005600063001700004970000700400000
000004006000209400400050030060070041047008600000000050070030000108062000050000200
000004006090005010000002408000000075001000200370000000806300000020600080400100000
000004010006080200000007050074001600600000003002600840010700000007030400080900000
000004012200000300093700000000600430000090000018003000000005680009000001470200000
000004050000230800000081000080400010023000007409006000050000601200100000000090308
000004050000700001096103800003000020100209005050000600005407930700006000030500000
000004050084050102060002090000800306090040020803001000010400030905010280030200000
000004053000070082000001400302000500010060070005000209004700000620090000830600000
000004060000200003400090802002040070070020080030060500306070001900001000010500000
000004079060050100700003400000000590001000800038000000009500006006080020340600000
000004130506001200090020000003700000400000008000006500000090060002800701075400000
000004500300200070080006001070100060006080700050002080900600030030005007001900000
000004702020580030600000010070001200300000001002600070050000003040059080906800000
000005000001400052570100008008007000602000304000600200400008029930004800000500000
000005000009610040300070002000400310004000500085007000800020009070098400000100000
000005000016040000003009802090580067030002500001000000000900080008000749000700000
000005000020801740060090300280000060003070400040000037002050980098607020000900000
000005070007023605500600002000000916090000080176000000700001008204850300030900000
000005260000030507000260094006300009031000840700001600970052000605010000018900000
000005608009200700060000004400001030000090000030800007900000070001004200702600000
000005800000029064860000000009708000052300000080010000300007405007003008000000900
000006000408502710000010320009700000000009570072000030003004000000200000000805603
000006000970800000000003840350000000080604010000000082061900000000001056000700000
000006008003009450000100900000004580000050000012800000008002000064900300700600000
000006008200000690000005073790200030000080000040001087570600000034000005100500000
000006042000000003008041000002003080060070010050800900000520600700000000480100000
000006080020700030810200900002500070105620000000940000039070001080000050000000004
000006234000208000000000087001002903000050000908600500680000000000704000472500000
000006300008300002200850004050000009020000030100000060400065007500009100009700000
000006402408000000000001500090700008200000009700004010009600000000000607305200000
000006930000500000710000800001360000600000004000095200004000085000002000035100000
000007000070000801500420000051006020009030100040200670000083004106000030000900000
000007001203680000000000460050000000000138007900000004000000000060200380708053000
000007006700000400800430710000042001345001900000800600090050000007080000100020540
000007060900000200034800000070000006060295080800000050000006970003000008020500000
000007090940000002002800076000070600500010008004060000710005800300000054050900000
000007102014000007200006800060000009000638000700000080006200004400000920503100000
000007160800040000040050200490000730503000000080000000100300002000100000002060900
000007400093004700000000086080000060007509800040000010210000000005700120009400000
000007830905080002001000040000004001000205000400600000090000500800090306062700000
000008001030040000600000809000000250050801090076000000907000005000060040100200000
000008007210090600050004000000050190000020000089070000000600050003080026900300000
000008030097012085010000000000000040065070000002000008500003001071094000000000006
000008036000020900500000470300400020090070010080002005027000003004010000810600000
000008250200490000800003100601000090050040010090000507003700908000064005027800000
000008506000320000000007109004000705080000040902000800107200000000096000509400000
000008793000020060050706000049000007005000900100000850000602010020030000581400000
000009000300070024080250090801000060700060002030000401050087030160020005000500000
000009003802007000000208506017600030000000000040005190105803000000900301400700000
000009020000008014014000006000900075600000001380007000900000260760200000030500000
000009030500610700000000012000500007090030040700001000940000000007056008030100000
000009040540800200000000030800600900100090002006007005030000000009001028060200000
000009060080200009003514000057000206002000300406000970000497500700002090020300000
000009080000200179060010000040021000003000500000840020000090050896004000010700000
000009100800050000004003050400008009003000500100700004090500800000010007007200000
000009360010020000004000002003102006050070040100406900900000500000060030028700000
000009402040070083000001700208100000000030000000006507003600000190050020804900000
000009508003080102080000000702500000800000007000001306000000060508090400104200000
000009600500800000072000100200030000030452080000080005006000520000003004001700000
000009800000305016304000000007004060000563000010200500000000208740602000002900000
000010000001302600027608510048000950900000001016000340069403180004906700000050000
000010004070200000009000806006300000800709003000006400408000100000003090200050000
000010030040070501002008006680000003000302000300000045200500800801040020090020000
000010030400600090000800020900002500001000700007400006090004000020007008040050000
000010080000087230007300006450000000076000510000000078700001900031750000060020000
000010080020600301710000000005007400000090000003400600000000043409005060050020000
000010300008400001030008020003901600080000040009706200020800090400007800007060000
000010500800500000000000207260300000100607803000000090008050001601002000004006000
000010509000005480000409607003800050100030800078000040439060000020903000807000000
000010670000406008004080009030500090402000705050001020800050900600807000025090000
000010700006408000080700304095040030300600100010003009509080070000500200001002005
000010800000005070803790060340000000005403900000000036030069502010500000008020000
000016740000000100000080029010009000204000605000700080360040000005000000087250000
000017200000060070000003065450000006700401009200000084890100000020070000006950000
000018509000900001000720030190000000402000103000000065080057000600004000207860000
000020000000800470600500300060004080010060090090700050001002008029001000000030000
000020000730008010402700300096000007000050000800000240007006905010900064000080000
000020000903000010008000367830005600000060000001700048452000100090000405000040000
000020005040800000009060100000009702800000003105200000001050800000004070600030000
000020006000040052000705180030000800460000095009000070048203000790050000200070000
000020006001004007400009050040001060005000900080200040020500008600300100300080000
000020040100000603000036801600007050000204000010900002401590000905000008070080000
000020050000300100960015000000000061076040290430000000000160042004002000080070000
000020300520800090168000000680700100000000000001005086000000849010003072007090000
000020400008009703500000600000700000309000201000005000006000009407600100005030000
000020570200000004040500000007100903400030001903006200000007080100000009036040000
000020860000703010205000000040006050600050003090200070000000104030904000056010000
000023008000010900004800250030000047000000000190000030078006500002090000600580000
000024000040300205000060004000000000083902500500000810420000700890000030010008900
000029060000006950000800002090000013070080020580000070800003000057400000060190000
000030000002901300080705040014000520600000009038000470050409060001503700000010000
000030000100008005000604170000000820508000903014000000041206000600500008000090000
000030000567100304203000000000600810010305200090000000000000000800270000020009640
000030004060004012005000000098100000002000400000006350000000700910800020200090000
000030007502600000070400200036008009000000000400500310001002080000006104600050000
000030028000000600206700090000009007050201080100500000010005703005000000970060000
000030070007051080003000009000002060005040300060800000700000200080120500090070000
000030080000010204000058910002000300009000156057000000020179000906800000730000000
000030205300007410700000000000600500600504003008001000000000004015800009906020000
000030508006090074000004020080001700070000060004500030030700000940060200701080000
000030802000000030800090560500400100060020070009005004095010003020000000107060000
000031907000600800000048013060000502702000308304000090530170000007002000401980000
000032000400010067050000008600000000100670000008040590000000809340009001000000000
000035807080000000200890050054002030000000000060400170020086009000000010709120000
000039100804000000003000007000306005100000002059804000008500760000600000700090020
000039108000600000004010730060000020200040005090000080081050600000007000706390000
000040000905000708008607500200000009503000401009020600001000900000452000800000006
000040001006700400907000500200006080009010200080300009001000605002004900300070000
000040008000002015700080904200000030006405800090000002604030001970100000800060000
000040307080000000020000901100290000000501000000038005906000030000000050407060000
000040596000001000004300010000500008200060003900007000040005700000100000362080000
000040600002600048900800000000200009310000054700005000000003001250009800007080000
000040680005006001060700405001030050300904002020070800902003070100800300038090000
000040901107000000000800067030050008080090050600030040520009000000000206403070000
000043000009800006005002180300098000000000047100000300070300020400000000063005000
000047201005010000000008609500000000020030000000600798007184006308000400000000000
000050000700000003020307010008010900609000105200000008002903400006704300090000020
000050007905008600000003540000090450090002001031000000024700060009610000800000070
000050030001904000090006107400200000509000208000007001308600010000408700020010000
000050030700000580003002007009000000025030140000000600400900200018000005090060000
000050049000003000000106580000000701703000602902000000057302000000800000240090000
000050072001823900000000000205060800090000040006070503000000000007586100960040000
000050300000007060000200510200500030600403008050006009048009000070800000001070000
000050309006000508900007000008090003000403000400010200000600001504000700309040000
000050380003608009010009006040000870200000005087000040400700090100405200052030000
000050401000002803000980000600004300203000607001600008000069000106500000307020000
000050700200003001008006005036040000090000070000080960900500400100400008004030000
000050800700006090029000010000708600300000008008402000010000340050100007006090000
000050807000400060006007300080500002200040006300009070008900700020008000904030000
000051800490000003000023000920000000304000508000000076000510000600000012008640000
000053090009004008000020760700000610063000580021000009045070000300200800080530000
000054020000000070800000013050800034900003000003070000567090000000001006210400000
000056010003000470100000903200004500006900047900080300580000000000271000002000000
000059000006780400003000800370002000500000002000100083004000300007098100000670000
000060000002390010050007320003000290008000400045000700029700040030084600000030000
000060000020800049800400003005000071980070065760000300200001004190005080000080000
000060000507000300000408900010700009030905060700004080003801000001000204000020000
000060002500000600009300005008600000032010980000009400700006500003000001900020000
000060009400500060000030702000000580200308007091000000703010000060002004100090000
000060031400000080000007009000083090003020500080740000700600000030000002160070000
000060090470009060005000200000190000008000300000045000003000500060700034020080000
000060340000300800000009260307010000009608700000090105091500000002004000083020000
000060413000000060100003070000020090300806004020070000040900008050000000897010000
000061020504370000000000008753100200040000800600050009206004300000700000000030070
000062700504000000008300050080400000700030009000005020030009100000000902006870000
000065010004000007900007500890003001000000000700600023009100002400000800080270000
000067000000500901500000830003700000270010058000002700028000005901008000000640000
000067045040000000010004006050300760700000002026008050100500080000000030480290000
000069000500003100008200040075002030200000007030100650090006700003900008000720000
000069450000003000000420608708000004250000073100000506409056000000700000087930000
000070000070030010001459200160000034000308000309000702500000006000904000027080140
000070001000000006250009080030805020000030000080704050090400017700000000600010000
000070001090080020000100080000001000370000000604900000002030900039005400400000600
000070005070206010000000279300009000050103090000400008836000000020501040500030000
000070006004800010000109030096000800030020050001000370050403000020007500600080000
000070090070300021000100407000000870000854000053000000105009000460008030090060000
000070100005024000600008004000003940003900016790080000080060020907500000050800300
000070400960000001000508000190000200005030800007000016000706000400000035009020000
000070450300004006008090002000100207050000080807009000200030700600900003034060000
000070600800005003056000004030401800000000000004908060500000720700100006001090000
000073000000245000072100300360000900005000800004000053009006120000421000000350000
000074000000000004009280610830000500002090700004000061053021800200000000000960000
000074008903058000000030001008090510410005060000000000070000480000000000324000009
000074020600000003850000000090200000200516008000003010000000072900000004080130000
000076802000000090000041706000000207807030509105000000901850000060000000208760000
000078004520006000009300000000030160000802079008000000300100000000004050400700200
000078020000205098004000000040006000005030700000900030000000300690103000010750000
000080000009506000284900000005000040800200007040750890001007420030400100000090700
000080000106000703030406020001802300008000100005107600010608030702000805000040000
000080007000400020200730000109000360004000700086000509000017004050003000900060000
000080020001095004000000509500700840600000003038009006106000000400870600070020000
000080070900000000050013040000200600002806900007005000030420050000000001080090000
000080402001000060090003007000008309000327000305600000400100050070000100502040000
000080700540006302700000000302500000000908000000003601000000005104200093003040000
000081054002007001000000000006000032000306000970000800000000000300600100480590000
000082050103000000408090070890000004000250000300000000000001069000900700060075010
000087001650000800080600000700100009060000010200004007000002090006000052100430000
000087060040900000008006207402000000003000800000000104501600700000009050090120000
000090000000800030200060548310000076000000000080300024091500000000001000065008000
000090000001703500070104020082000950900000004056000280090308010008507300000060000
000090000010804090004106800058000340400000002062000710007503600040701030000060000
000090000060107030008603900052000790100000005083000260007208300020706050000040000
000090000080000903900008600004201070006000200030405800003700002109000050000040000
000090004002305079500200600073009000000000000000100340005002006140803700800010000
000090005000230601000600830400000000506100900009002000080000100070910086005800000
000090013700203000000040608208000000010030050000000807405060000000309004130070000
000090020000300009012407000000000508304000702605000000000509410700001000060080000
000090025060070000000001094000900007020060050500008000170400000000030040630020000
000090030700005609200040050490000000001804900000000043050010008307400002080060000
000090050600004000430001200108000040007000600060000105001700093000900008070030000
000090050700005000004000301000000520005628900097000000301000600000500004020080000
000090060800000700046205009560000000080000040000000023700103450004000008010020000
000090108090700030008030050080000004000209000600000020030040500010007060405010000
000090400580000310000700002740600000000010000000008025900005000051000048003060000
000090800720800000001300002010040000030008004600000170300000600090026050005400090
000092000080500093600000010000080057007000100410020000030000009750006080000450000
000093006000800900020006100000080053006000200370050000002500040001009000700130000
000095000085002000000610007600000078090080040170000005900063000000100320000240000
000095007100000500000010200090000080007602400040000060008030000005000004200140000
000096000204000005090008400603800000070000080000007503005100020300000601000980000
000100000003082500020095040600000980057000460089000003040650070008720100000001000
000100000008040061030090200400005000057004006000710090002000600040008027080060050
000100000350004008027000900070043800000000000002580090006000380100600024000005000
000100005090038010003050090030000200001906400007000080060070900080290060200004000
000100008130000060608740000070600002000030000200008010000081906090000035400009000
000100020096020003200503000000900800409000010080004207000070060050400080000010900
000100020207080000910005008020700040000593000060004050700400061000030504030001000
000100020760400000035009000600005900070000040009800001000200590000006037080003000
000100030900004001000070024005200060100508003090001500470080000500900008060002000
000100048000000006320050000000006035000502000170900000000080069800000000690007000
000100050400060089000009602000590807000703000507024000602400000710030005090007000
000100070000030100400000520000058009520000036900370000069000002003060000080001000
000100560000893000000000070300002080940000027010400003020000000000586000065001000
000100700000053000800000024400009007070000030200400005340000006000910000001008000
000100800000097504080000000010020090300000008060050040000000050109530000007006000
000100900003078000040500003906000070405000801070000302600004020000820100002006000
000104600030060000080500090000000407007000300504000000060003010000070080002601000
000105000009807100010020060160000094002000800740000035080030040006904300000706000
000105000400000001302000508040000070600010004900000002000050000050708060007634800
000106002900070000708000003006005100090000080005300200100000704000040008600802000
000106070506008000090000004050003800400020009007400010200000050000700206080502000
000106800400000600000350010802000409000030000604000708070081000008000006005703000
000108000900000002006090300000403000010080030005070900050000080048000710000050000
000109000002030600070406010100305008000040000650000093000010000030208070500000006
000120007500000000960005080000580001005000900200043000040800016000000002100067000
000149080000600004000000501003400200020050070008001300704000000600007000010984000
000159000100000004000204000080000060003801900400596003800000009070000020062000570
000160000600004070009000302300000001050070080200000004906000800020300005000048000
000170850000520043000000007610000000240000096000000084500000000320065000067039000
000174008002000054800000700000400900030060080007008000009000003610000200500216000
000178060090000000002500007001000045005080700470000600200006400000000090030245000
000180205000200003000700680001000090350000067080000400063009000900001000408052000
000197603000020040000000009002070008003000000409036007000000004650700010200500070
000200000000010690005800470300700010900000003040005006061003200078020000000001000
000200000003000400080045230002804006007090100600102900039480670004000800000009000
000200030002604000080000902009000051003010200140000800605000090000309700070006000
000200079000600040009034800140000760000000000037000082002480500090003000750006000
000200089007004012020030000000600070000802000060005000000020040810500900530007000
000200103040000060000608020503700400000050000008004605020403000070000010901002000
000200600090073050007500002006000000509000204000000900300005100010960030004007000
000200980004005360900060000070001000300090005000600040000070001081300700067009000
000201000010000050005978000600000304700030500043000906300100200020300040009025000
000203000001000800027090460900407008002000900400609005084050710006000300000802000
000203600400000053007690000004006000610000075000500900000067500870000001002408000
000205000001609700690000023070000030400102009008307200000906000740803061000000000
000206000020080061000410508060003000500000090094000007001000002008060000200850100
000208500900050040010700002600400000008010600000003005700005090020070006003804000
000230090400000005600008000070800500130090047005001060000100009300000004020054000
000295000800000005070080040300000002000107000007509100030000010058000260604000308
000300000000060210016904080001000350020000060038000900050801420087030000000006000
000300000620008007704500800008000050002406100060000200001009705800700039000003000
000300007806012000004005200000030050508000406040070000003800600000940301100003000
000300020000050080600100700701000050300060004080000906002007001030090000050004000
000300040030072008405000700500010900000000000002050006006000104900630080070008000
000300060005000004018900000057009000040070050000200970000002310300000800070006000
000300090020010500630050000200900800800104007003006005000040026002090050010007000
000300090300006250601000400079008000040700008100040500000000300000817000000005000
000300900015700003000600580000000000020059001604000000070023000800000000003007040
000301000008090300030408050309000807050000010201000605010506020003020500000804000
000301000704000801000000000060050020380090045009000100200506007010000090600000008
000306402008002000200000060030008070700000009010200050020000005000400800106907000
000307100600100280000020000080009001050000060300200040000050000032008009004703000
000308000005090008000700120100200903040000010302006007083002000400080500000409000
000310005650000092000500000000200046700000008390005000000007000940000087100032000
000340060001000200800009300000007008020060030400500000005200001004000600070085000
000340850003000001080009002300067200600204005007580004400700090800000100079035000
000360008000250390000007060720000600590000084001000052040500000068071000100043000
000364010000000002005000034030400800002000900009002070950000300100000000060587000
000367000200405003030000070800000005006832900300000002090000050700509001000273000
000370006009002408020800017302500000500031000040067000050000000004000082216000095
000380020090200507000060000070006200835700000001000000000600045000000008107005030
000380090100070300000004000900000000004600000000009867023000050090001402700500008
000400000006001050001050600027010000300000002000060890009020500070300200000009000
000400006000050873000007900504000008070010020800000501003600000985020000100003000
000400008370008600000000000000003000010706820005900000024080301000007250000100009
000400050009003008860000070000201900400070006003609000010000024700800100050004000
000400070300900800050007100001204086000090000470306500002500690004003001060009000
000400120070100800000000067000800019002000600630005000860000000003004050054003000
000400200050120000008009000670003080030010050010500036000800900000057010006001000
000400200307029000000000030013500907000000000709001650080000000000190402001005000
000400300030800210600000040100700900800000001009003005070000004095001060006002000
000400500700098006056000000684000000000020000000000137000000340300170009002003000
000400700008009050500000190003006070000703000070100500016000002040200300009008000
000400700940000060068090400000609002006000100500703000001070240030000018004005000
000400801093000004005006000700180000020000080000029006000200500500000370901007000
000405010006090000920000003008304000500000007000109600600000098000010200040906000
000407000001000600800201005080010040450000091007030500000000000906000807300090002
000407000003000100270105068920000085001000900380000017190508032002000800000206000
000409301000702000009030006590000087002000100370000094600010500000806000907204000
000410500090002010001000600700203006030000020800701004003000400080500030005038000
000451000001000500030607080103000608700000002608000403010704020004000300000239000
000470065003000000000000001004000009000208000020501000010600080009002640240000000
000489300003005000000000056070000008005193600200000040620000000000900400007251000
000500000400006700620301000090800060104000508030005020000903075007400003000007000
000500000810060007602040000948000000030020040000000953000010605200090038000003000
000500000900020670040000092002040050600000003090010200210000040085070009000008000
000500007000010630000940050309008000048050310000400208080024000036070000100005000
000500009006020000980001400000700302000000000104006000005400067000030100200008000
000500070708060200000008900800400050030000080010002004002100000003040106060009000
000500097007030021060000000800200000903000050070004009056070080004100300000046000
000500400020034070060700001000210060000085010000007305070000000315000680680000000
000500460700000001005092000031004000800030004000100230000280700600000003087001000
000500604190000050000000000800009340001070200032400005000000000050000083206001000
000500800080006000243000070090040008008010700100030090050000249000200060002009000
000500900509600000720030000600100000204080109000005003000050031000001706008002000
000503000050010030009804500805000307020000060601000402002701900010020070000406000
000504903002100065000000000207030000005090200000060304000000000750006800106307000
000507000085603170003000900000708000050000010017000460020000090300000001060204030
000507600050030000860900000020000040500209008070000010000008067000010050004305000
000508300007000060000014000500000037301000904720000001000320000090000700004805000
000509000007000305000008170001900006020030010600004500084200000509000400000703000
000509003004020900000730080600000004410000520007000608020400050903060000040078000
000509600900010000004000092800031000401000703000720006280000300000060009003208000
000527000025080100409000000030000207900000008802000030000000605008040710000691000
000560000097030080000800013100000300200000008006000001430005000050090740000024000
000580063000000080000900540100020050004806100060030009079002000040000000510048000
000590000004700000950160000000000000720300501000010286000000060180030900290070300
000600000047005200600200008300010900060000080005030007500008009003700120000004000
000600000047100000890040013001004020200090008030800500450070036000006840000005000
000600000050030800300002470900007600540000020070000001020000000014920050000054200
000600000810400900040010030001300500030060020002007600070030090005009068000005000
000600007000400000500070086700002030032000540010300009890010005000004000100008000
000600080008030004000940203000000108014000630905000000507091000300060700020007000
000600210307080000900400000040007002000000080000090473815002000000060020090000500
000600270010070600500008090040006000003405900000900080090800003007060040021004000
000600400006000087000051030002300040100020003040007900070160000390000500001008000
000600510000000940000040006039000008020030000008000067004500600010002000302800000
000600802009002500004007010030000001007040200800000070010800900008300700902006000
000604002000039050008000400900003041003000500670100009002000100080490000700306000
000604200056000030901500000800001000002080600000400007000003906070000340004205000
000605000003020800045090270500000001062000540400000007098060450006040700000203000
000605800316000000000100002090200407100080009405007080200008000000000378009706000
000610400020000080500082000009000000800075010401000000300900007000000809006004300
000630080300040700008000090970200400001000500004003027050000800007080001080096000
000650201000003500570000300001000080800106007040000100005000023006800000704029000
000690003040000029009002010107000000000853000000000806050200400960000070800037000
000700000690040000042005000100200500020000090004009006008900100460050720070002030
000700001006040200080030007061200004000000000200004930400090020003070500500001000
000700060002100003301000500500470010000080000090061004007000302800002700040007000
000700080000180006005302100200008400090000050007000621004800200930040000570009000
000700090000000615008013000200000080000234000010000006000180700492000000080005000
000700100008053000906000000500304010020000030060201009000000802000890500004006000
000700100030180006020000004051020070000000000090070580500000020400015060006008000
000700100403000002000920040037051000080000010000870230020089000600000509001007000
000700400900000000008034005000450100300008500507006002290100800006000000005690030
000700540060000070100002300023106009000000000800203410004500007050000090039008000
000700800004095000020001039009400500000000300700000600006000100050060000001503007
000700900003000560290500000620000000040807030000000047000004051019000800002003000
000700900003040000900000180000204005010000070200805000038000209000060300006003000
000703000010506020002010500460000019007000600980000057004050300070308060000102000
000703050300020700070080400500000006069010820800000004006030190002050007030906000
000703890900015300030800007300000008000040000820500706000000000240000509700200400
000708000080020030007509600508000209020000050403000106009301500040090060000607000
000709000003206700060050010630000058002000300950000042080030020005604800000802000
000709000004030500029040370900000001082000730600000009065010940008070200000304000
000709000005608100090050080450000097008000600730000042060080050004502900000103000
000709000750000039009302500405090302000000000201060904003801700620000013000607000
000710240000000305000032087600003900301000802009800003410360000506000000093057000
000720000003000905060000820008000002400060001100000300027000040901000600000083000
000720100100805003000000040400010006070000020500090004050000000600104007004063000
000740009000009500000805460608000270200000006047000901029403000006500000300012000
000740600000000002504000900700000080008603400020000001002000305600000000003019000
000780000095006000460030000041000006300000005200000710000060094000500230000098000
000782000068000950000000000580000093009070400240000065000000000053000820000814000
000790010000005470001020600000000308900050006306000000004080900068500000090042000
000800000009000036800706000054000300107000205003000190000108002720000500000004000
000800000390100005008006900075000000006235100000000450007400200600003019000008000
000800013009000680010050000006300050000485000090007300000040030072000100950002000
000800093900010807000000210500000000891030050000100004050090000602070000070068030
000800126000730050000002900005000301000050000408000700002900000070026000816004000
000800300004000600120004050008403006000070000500608400090200067007000800002007000
000800305040000000800609000051000400600104007003000210000305008000000090207008000
000800400600029100500000078900600040060000080203008006004700000000030000000501720
000800403000060500900004080010600000570000091000008020060900005004020000307006000
000800500073100060200030008004500300600000009009004600400010006090003270007002000
000800600000005704003027010075000002430000078800000390050160200604700000008003000
000800670809000510030005000004000005000126000900000100000700020073000401068004000
000801500040035060800000100290000006060020080700000042009000607080310090002509000
000801500102000000080300009071004003060000070200700650400003010000000705009602000
000802050050076000000000018780001000009000300000200095630000000000320070020504000
000803060005000003230000000000200007094000000300109008080010020007050900000900400
000804000040906010006050800280000065007000200530000087001030400020109030000605000
000805000004000600080402030840000016005000300930000025020904070008000100000703000
000805000010030090004090800700000001003207400200000007009080600050060040000302000
000805000067010350040000010400209006050000080700503001070000090035040260000608000
000807000803000406050030070002000500000164000004000900020070010609000307000905000
000807002040000100300100080000006017060000050180200000030004006002000070500308000
000807502040050089000000600000004003050000070100200000008000000410080060206401000
000809703000005000000030901900200034005000200760003008207060000000500000104308000
000829040700000090006000003009047000000000000000580200600000100040000005080316000
000830100000160078000000940000000080207000304060000000054000000910042000002013000
000840200200000100500009600006005000900000008000900700003700002008000004009016000
000840300000000718050006040000904800900000004004602000080200030176000000003051000
000850000000000137090002000007300080060000429000000000000070000006100500208009000
000850004070000020090000600004003000803060702000700300007000010050000080600039000
000853000980002000000100006045000000028000910000000620400007000000600037000541000
000870209009004050020090004100500090806000503050003006200050060090700300701032000
000900000000050100450017830030070900002005410100000006504020000300009500068500700
000900000001080050450000100000009730800030006032700000009000045040060300000007000
000900000017002300208000501000008020600000003040700000304000206006300840000009000
000900002500300000612004000106000020005080400040000701000600945000009008400003000
000900003000020710050300400020008000008000500000600040006001030089030000400005000
000900040000012003530047000000020960060009780080000004706000000100280400048000500
000900060003400200008030004700500001060010070200006008100090400007003900090002000
000900060507002809090800020032160040000005000000009602100007050000003100008000070
000900100040008006320000090000607200800000005007103000060000031900800060005001000
000900210004007005020500000000000927000000000813000000000002080200600500068003000
000900400053007090000000023002100060005090700080004300810000000030700680007005000
000900500000240090840100000007000806200000009106000300000002073050061000008009000
000900574000000006050000908007000000530820000820560001000004000300710400010680000
000900800060030040100000705000005002008070300200400000903000006040090010002008000
000901000009007013500600000002700000600080007000003500000005001490100700000809000
000902001020400000000060502708000004000871000300000208503080000000003060100706000
000902080010080490000030005300000200000403000005000007700010000092070060060304000
000902100006040007800300400060030000075000280000090070009003005600080700001409000
000905300060000010000006470002000053005010200740000100083700000020000080004809000
000907000000000000004356800000204000079000320800000001300000006106708402080000050
000907000650000040000010200000406009400100800100029003017000000004000030300250080
000927640000000010007000080006003050003060200090500400020000500070000000069348000
000980020500000070003400600000009048000802000180600000006001500010000009020048000
001000000040700006060049002900000700000108000005000001800920030300006080000000500
001000000470005000000032000000900080510000006000500094005040320060080400100050800
001000020000020005600003000090208300010000040002309070000600008500070000030000600
001000072000010005538000000790000100000000090205098000000000030400003000000275001
001000300308007010400300508109054020600001000004000100000106037000000000000092840
001000400050801090029000510010060050000080000000304000500000009308605701000030000
001000602700000005004092000080704000900080063050000000005000300600030000000010908
001000700020630080004510000000000804040000050203000000000045900030086070009000300
001000700600000023000209004006000040400000500008706200500310000000000080072000900
001000800300490000000002090700803024008000500640907008010700000000049001006000700
001003000730840001040005000502008600000050000004700905000300060800061094000900300
001007000080030000300960000800250004030008150000403900090000005006020070100006400
001007000500090204000000580010000600000372000009000020056000000403060005000800300
001008000003100960078600000100000003000700205004503000000000050090865700000004809
001008000020090060400000302000907800060080050002104000206000004030010090000700500
001008000700006004000000030058010002400000350000040007600070803090000500000090000
001008002003001000085600700600390000020000060000062009002003540000200900400700800
001009004000130000069500002080000301200000006407000080100007520000058000700900600
001030006036090008020001005000000700000407000008000000100500060400010290900020500
001050200050107080200309005013000920900000004024000650100804002070205010002060500
001060300305000602090000070000506000002070900800000001006251700030000040000000000
001062000800004090500000100040000050007080200090000010006000004080700003000630500
001070023760000000500000008000942100000000000009718000800000002000000047620050900
001080500000109000400205001037000650500000002049000170900507006000402000005060900
001089060000307000040000050004000907030000000920000010000000800603001400200070500
001090000070300009009100002000200504020000030708003000500009100600008020000070400
001090700300507004050462030000308000043000510000601000010935020200106005008070300
001200000060040000003008005500000700800195004004000001700900300000070090000003200
001203080420060007000000500100000600000137000008000003005000000200070069090302800
001208300000050000400106007306000704070000090902000608600704009000010000005902400
001300060003200050920000000080560000002000800000084070000000047010009600040007300
001304200000000000903107608106000503000000000405000102609702405000000000002503700
001307000000000200090410060000000705007080900502000000010069040003000000000503600
001600003950000040000082100016000004000070000800000530004250000020000096300007400
001600007906200000050093000100000708060000050704000009000140070000009103800002400
001700200008042000090060000000600001084020960600005000000080050000910800003007100
001907400002000700700000001006000800900105007030409010020000060500000003600802005
002000000007300000309605004040060020800040001030080050600407309000009500000000700
002000000500070420000200007600400090100763004040009001200008000017090003000000500
002000000957001200804007050000500360040000000006103000009600827400090030020000940
002000009030708000400010000000000001060009007005000020500000000079031050100040200
002000100100600070070400008503700000080020010000008409400003080030009004005000600
002000500030070060500208003001706300070000090003904800300602005080010020009000400
002000504600070000810905000080007100000090000003200090000409082000060003308000400
002000600000802000700905008230000094570209016009000700600000007820000061010607040
002000700030761040000080000900010007005907400070000050240000038000308000010206070
002000900090070030004000700028107650000050000007304100060000080001438200000000000
002001000005400000030080007280010000360000089000070034100060090000009400000200800
002001060005029000010000000620000509007000300503000027000000090000430200080700100
002001080100005000065000030080076200000090000006130090040000310000200006030800700
002004000003080002069000007200000010000641000080000003500000470900010300000700800
002004007000050800400018002017000000300000005000000980700590003009020000100600500
002004500000900000136000000400060000081050390000010008000000487000007000005200600
002004870000010904400200000000005400900000005007800000000003001305070000026500700
002008003050000860000700000009001200040050030001900400000007000026000080900100700
002008470000600000000052008004000790070020050093000100800310000000005000067800300
002009000004830620080000000031050700700000001009060840000000050016084300000600100
002040300109002000000500070040009005200030008900800030020008000000700609007010500
002040500000003200470000009080901000100030006000806020800000047007100000009080600
002050900060908003500000000106005000000704000000600807000000004800503060001090700
002060005400000000005109040030000502060010090507000060010308700000000008800090400
002060700005304200000702000180000097000403000000107000400000005600000008920000064
002070040000003000600080109500700062000050000210004005807040006000900000030060800
002075000007608000140200000026000014300000009450000830000004058000802100000750300
002078530000060000000500840000005002080206010700300000043001000000050000056830400
002080500040102060700000004050000090003906400000070000807060105120000046000000000
002100080006000030300074000000060002000005000087200000000000001750000800100940500
002300001500000090007040002000080035000207000680030000300060400050000006100009800
002308100000502000800070002290000034001000700340000091100060007000709000005401600
002409700800000004090703050000030000001806300020070010000000000053000260109000805
002500000030070016000400000005000004014060980800000300000002000670090030000001800
002500000600800003010020900006040700500000002009010800007080020400006001000003400
002500000700300020140060009470030008000000000800050037600040072090008006000005100
002500039100400000000073004050001000090000060000200010800650000000004007340009800
002700100700200008030000006010050089000000000670090030900000040800001002005006900
002700300049200007000000050070090000200308001000040060050000000600001870001006500
002800000000002500540000090001025060200000007080790300060000014004100000000003700
002800000300004700600000019000900050905030604010002000470000003008600001000009200
002803000000000600081052003504000001006000800800000205300140090007000000000205400
002900000050100340060000002030002005000080000700400080200000090019003060000001700
003000000090040020005701006004010600010408090008020700800209000050080010000000400
003000000090508040001600007070002001000090000800400050500007300030106090000000400
003000008070040060000107040000005029019000480820700000080502000090070030200000600
003000040600000700400105000000900510200000003084006000000503007009000008010000600
003000070040080506000061000004100630070000050098004700000410000809050040030000200
003000200014000390080000040030807050009040700007206800300000004000529000090070010
003000509570000000001004020007020001090060080800040300030100400000000057702000800
003000700014237890080040030000506000005010600000402000040020070031789460007000100
003000809000048130480000000020090600000000000004070010000000075047260000301000200
003001005000000060080070140100002900020807050007400002064020080050000000300700600
003002904000800050010009007005310208030004000400008070020003006007090100000200000
003004000008000045500670000010000000009583100000000090000045009790000200000300600
003004000602300000050600807508000009000070000700000201407008020000005904000700600
003005001010400800000200500000000060250090037040000000001008000008002050700300900
003005010004020000001900007160800050000000000070002048900003200000070900020100600
003005040000703005100000300000000150500090008027000000009000007800204000010300400
003005470010030000760008000007500000005000300000001700000300096000090040089200100
003006080042000700000500006090010000005402100000090040800009000007000320060100500
003007000000300001001058090802000007070030060600000104080240600900005000000100500
003007000400800060000065008701000806090000040506000703900180000020003001000200900
003009002000020001500000790400201030030080040080403006097000004100050000800700600
003009008009000300000350060090500007001070400500002030070086000008000200400200800
003010005800000240020000070000300004009060800200008000030000090095000007600030100
003025100000000047180000030000236070000000000090751000060000084210000000004980600
003040200250000800000009050600000120000508000047000006010900000008000047006050300
003040200800000001070306090000409000206070903000201000090704080500000004007050100
003050000001000003800070260004009050600800004530000000070002000100590000000000041
003050700000200800600080010000000001400107003900000000020060005004005000007030900
003060000420090360500040008900008400006000500004700001300020009017080034000070800
003060000802001007000400009050006000927000861000700040700005000600100204000080300
003060080400200010000900060200006000057000430000300009080005000040009001020070300
003060700000800020500207004071040600800609007002080490100508006020006000008070900
003070900000901000200308007072000510400000002015000840900104005000503000006020300
003072091000103000008004020000000700200060005004000000050300400000806000680240900
003080400020406030100309005076000210200000008019000350700904002090102070002050100
003090070000007090040300002024000000000746000000000580300002050060100000080030100
003150000080002070000070906040000007509030108300000090205090400030500060000013700
003200000140650000000040070000000021604000309270000000050010000000038042000009800
003200000208100050040070006010090070904000605050040030600020040030007501000009800
003201060000500004600080100820900007007000200100002045001020006900003000060405700
003400000000000080002710500000800090000029054089040023700000000000005002094030000
003405009604000030000001400405090010000000000060080302008200000030000907100709500
003406200000080000900203007605000309030000040407000502500601008000090000004507900
003450000000309000620070000300000069001000700960000004000010085000607000000045100
003500000000097400007824030000008170000050390000100205000000801920000000750000000
003500740000070380007000006000800001060902030800004000300000200045060000098003100
003500800506300000020000004000970000400000007000062000700000060000003908002009100
003597000000100050000000108004000002700609001900000800309000000060004000000231500
003600507000930000080007000058000000106000908000000340000400090000058000507009200
003708600000020000200509007107000508020000090904000206600802001000040000008601700
003740000040000005900200300060000902008000100402000080006009008700000010000015600
003800009500400000270000600009017020000000000010930800006000054000005001100009300
003806400000301000200050003720000094008000300350000012900010008000509000002403600
003906000000000892000072000000005001201000407300200000000450000416000000000608700
004000000020980005001006090040020001003040700100070030080200100500093040000000500
004000000030004260010070904080106000003050800000802050201060740078400020000000500
004000000800200050006091000701600004030000080400002705000950300090004001000000600
004000006000020004008005090000008007003476500600100000040700100900030000500000700
004000007500120000900000320000608095000030000780504000092000001000067002600000800
004000007709005000080720010600008000005030600000500009030067020000900403100000700
004000060000700801030000040390800000702390000000026070900030006100007500053089000
004000070200005000500160008400500020000000000030008007700043009000900001080000600
004000091006000308009801040058020600000907000901000000000038000000000000000760805
004000200005309800970000051090040070000507000020060010640000035009104700008000900
004000600000709000509300002040080000098601250000020070900005407000106000003000100
004000800080300000700001002007090040320000061040060500800200007000009050006000100
004000820009030607000602000910000000000965000000000094000806000305040200047000100
004001000005020000120008000600100005510000027900007006000600058000090400000400300
004002038002600009390400700031800004000000000400006390009005076100008200750200900
004005200006000049080047000000080002060402050100090000000630090610000800007100600
004006000030080104860020000000200040015000380040007000000060059609050030000300600
004006010000030706160000490000200000500010007000009000015000084802050000070300200
004009001009007520020005000087000000200000009000000310000300080095400100600100400
004009060000200070200065001020500006009000800500003020900170003050004000070800900
004009130000380002050060000092000000600000003000000710000070050900016000078200900
004010000700006040006200001090100200070000050003004080800003700020500009000070600
004010090080090103600003020000700200140000056006001000070200004402070080060050300
004010200020000030700602008003070800100409007002050100200904005060000040005080900
004010200030207040901000607090701080100000006040603010208000305050802090009030800
004010600030002000008060074000205100010000305000000980000000090001407000052900000
004015002000002700800030000000284370003000000060000045300000500000001008750000900
004035090000800023000090007005000200390000041006000700600080000510007000080150600
004050000030200050000004806003401080900080007060903500106800200080002040000090700
004059600800400000051300002500900008030000060400006007900002830000004006002890100
004060700910004200006005000070400030000302000080006090000900300001600085003020100
004062030070000002000700800100007000090805060000200005009006000400000050080970400
004071500010030200600000040900200000003000800000008007070000008009040060005180400
004080000000500100809002000086000700100009020000000630000040005002368000400000006
004080200300296007700000003000000000010020050230050098003000400080060070000509000
004090000501000020000401500000700030700030006010002000005803000040000902000060100
004090500085030790000000000800406001060000050400108007200000009049000130030010070
004100009200500000000027040981000050000000000003970800090300016400000095002700000
004105070800030000100000000710000960003000500086000021000000005000060004020807600
004200000050060000080007530408000060100609007070000103097400010000050080000002600
004200010003000020080036004000070605000080000601020000900840070050000900030002400
004208300000070000200409001602000103080000090107000405500904006000080000009607200
004300000000050370000060020900400000041020650000007003020070000056030000000008100
004300060050000103120090400490000000005060700010200000000800030000700500000025610
004300090000600750012000000030020009000706000800010020000000940048005000060003500
004300090520000070000020503000902005001060900600401000105080200040000059070003800
004308000000700140800010300005000000060859030000000400003020009096007000000901500
004309000200080000700000050500000000007615080030074060000020009000000620105000070
004309070000070201000500008087000000500000002000000460100004000305080000060201900
004500302060083000000000070500300020010070060090005007040000000000630010603009400
004501030000006800301400007402009000000030002970100000090000403800000050007060100
004607100000000000500412009301000402007000500205000708700258001000000000006309200
004607500050000020006000019800710000000000000000098005640000900070000050003402600
004697000009200000030010700080000003500060008200000050006070010000009400000546200
004705900000801000600040005430000082008000400920000063200030001000502000007608200
004706100000009002010020006000000500057000480008000000800060030500400000001803700
004706500506801709000305000008000200053000860200000003600000007090000010005902600
004750020709000001000000400000008300060304080007600000006000000400000102010023600
004800000007000003060703200030000004008605700100000020001908050900000800000004600
004800000020900000010005700800004005900080002600100008003200010000003060000009300
004803200000705000300020008480000061007000500690000032200090007000407000008602300
004806000000040200000002750510000020900080007040000013036200000009060000000907300
004809002007020000500000300000008069070501040850400000003000007000010900600907100
004970300000005006070000005410000050009000400030000087200000060900700000001063200
005000000060003009080600200006970100900000003004085900001007020200400050000000300
005000002010408000096005000072000000900030008000000210000300640000701080500000300
005000006009007000002300050007030040030070090020080600050002400000400800600000100
005000060001305000904800000080600900000040000009001020000007305000104700050000100
005000080700405000090600705200000006001204800300000004903002010000506009070000200
005000100007502300320000059080401090000080000050307040590000073006908500002000900
005000100098000740010020090020000050000705000570030081000000000900806003003407600
005000140000002005900300006080001090506800000007030600063280007079003000000040300
005000200804029000009070006400005600500010002006400005700030900000150807001000500
005000400200705008060040010090106030000000000800209004100803006900601007000090000
005000600004306900800209005040010080000000000002605700000000000006507300010000040
005000700020503080800090005030050070008704100070030040100040009040902010009000600
005002000460000000000000397000067001090000030200810000678000000000000019000500200
005003020700050300010004805201000000070030010000000709809200640002060008060800100
005006020087000010000003405000004000023000890000100000901300000050000670070400100
005006300000410900700000065030092001060103080800640030270000003009038000003900400
005007960130008000000030000460700000008050400000009072000090000000500018042800500
005008000200900800000002031000100003002060900600004000530400000008009005000800700
005008400700060100380070060000300010400000006090006000010080057002010009007500200
005009003730001090004200000002000065900600000080010700300005406000700080001040050
005010020703050600000200000007009060008030400010500700000001000009070208030040900
005030804000209063000001200056000700070000050009000340002100000710908000508020400
005036000300209005090010060000100400050000020008003000040070010900601002000320600
005040790000007006800010002000800010901000203020001000400050007200300000069070500
005060000001800000400019005320000060080000020060000073900470001000008200000050700
005060000309500800000020053000000139000104000812000000260010000007005302000070400
005080000070309000900000304480600000000050000000007031604000002000802070000030500
005100902300020000000005070600007204010000060907400005060500000000030008109004300
005130080002000005300006004000040700010000020007090000900700008500000300070023900
005200003002003700000590060090000004206000307700000020080014000009300400500009800
005200800070030090900400002000000609050010040809000000200003004010040060008001900
005200900800701000002000080009007003100040006600300500080000600000502001001004300
005230900000400600200005008030000004004010800700000030500100006001008000006057200
005301600000907000300080007540000068002000400180000073600010009000502000008604100
005302004000000500020600008100005000030981060000200009400006010008000000300508400
005307800324000000000020009100000000000538000000000006800090000000000751006403900
005406900000000000407809301806107205000000000302604109608902403000000000009301700
005600100900000070000031000300040709100000004408090005000270000080000007002003600
005601300080000041000070000000400052000010000630009000000060000750000020002905800
005630000040008090000000002070010003300506007900080020500000000010900080000042700
005700000000093000007001604200008060000020000010400005504800300000630000000002900
005709002004050000930000000060000209073000860409000070000000081000080400100602300
005800200000030040260000000100608000090000080000502007000000073070060000006004500
005900000092070006100428050000000260900000004030800000710300400500790030000004000
005900002000006091000240050097000006000060000200000310070028000640500000100007900
005910000908407020607003000200000640300000005060000072000000217000500000000031950
006000000070040020400005100050090016000500000010000079800000001000006430100027090
006000000800095004310870000030000900050901070008000010000047082200310009000000600
006000020090000570100430000300507090000020000050801007000084009021000030060000400
006000049029080001300000000902670000060005070075208000000901054000840020000002800
006000049040130280000000000003500070900070005080002100000000000091058060230000500
006000100091804620400000007010040080000000000060208090000905000030000060002703500
006000410050900007070100003000005060007020900020600000700006030200004070038000100
006000700001007245000050008002040100070090003908500000000000002049008000067200000
006001008000020000508007040097500001600000009400003580070600804000040000200100300
006003008070040300800000010050006800180000069009500020040000007001070030700400200
006003010000700300800009500350000400000000000001000026007400008008005000030100900
006005400070030000400009006012000000500000009000000170800200004000070090005100200
006009030070020000800000905300901000040000070000508006503000008000080020080600100
006020079000000001005630000003470000020009705000005400900008104600090000087000000
006030000320009005000000009000740000050100002900800700018070000060000080000500040
006040002040001000800006000000105970002000500073804000000300004000500010900070200
006040800500007000003006010100005070090408050040700003020100500000600002009080700
006051000804003000010800000050002000100060004000900070000008020000300509000410700
006074500000600042000020006058000000402000108000000650900040000320001000005780900
006075013003080000000009700507003040030050890000002000040091500000000000000000271
006080030819000470300000000400200010000904000070006004000000005065000329020030800
006080040500000801008703000000100700004020900002006000000807600305000009020040100
006080050010000008900006030200703000009000500000601007090200001300000020050060800
006090000000007096300000052000809000008030100000204000540000008720600000000070300
006107000000200090071040000804002000500000002000700805000070680030009000000408500
006203500700000001030701060002000900480000053003000800007000600600908004040106020
006300000300009000009008063207000900100070005005000704980100300000500007000003100
006300000500000082400507030002090060000000000090010300040208009710000003000001400
006300200708000000100050080400005030070010020090400008050040009000000506004006300
006400920010023006000500000009000008208000301300000500000008000100690070095007400
006409000210007008490003000009008006000000000600300700000800054100700082000204300
006500000092700080003902700010090800800054000000000453000000168000001090000020000
006500024700400095200080700007040000000001300000300012001004009600000000480000250
006700084040005600000090000000030005930000021100050000000070000002400010780009300
006800005000001400029407000050300006000000000700008020000204790004100000800009300
006809200010000700050021000000008040605000803090400000000150020001000060007306900
006900000050081000090000041002000003007109500800000400380000070000590020000004600
006900001500100047000040300109000000000809000000000506007050000610003008300002400
006900020700080100000001005310000080000020000070000069200400000004030008050006300
006900080010807000400000600090700023000000000850003090007000008000201050030004200
006908200030050080800000004400501003050000040200804007300000005060080010005107600
007000001100607000030000002010400508000196000302005060700000040000308006500000200
007000002000094801030200400306510000000000000000072509003005080801920000500000900
007000082000002300003057000500400030000010000060009001000970800008600000140000200
007000208000060010900400700470003000000684000000100025006005001010030000302000900
007000239060000000400710005000903001000000000500607000600048003000000010289000400
007000403000290001000005090006004005050010080200300100040800000300027000708000900
007000500020000090034105670006408100000050000005703200063209410010000020002000300
007000920000500030000200400608700000100040006000006301002008000060004000059000700
007001000000300000090060430340070500000050000006040098028090010000005000000600700
007002009000060480010008000004000500080905030005000100000300050023070000700100900
007002400080000000050400307100005000020714050000900006903001020000000080008500600
007004000509810000300000060020000100400701005008000090030000004000056802000400700
007005060600100400002000070598030000000000000000020583070000200009003008010500600
007006000004000006060109080006270000080000030000038900010802090500000800000300100
007006090000010008490000720100000430002050900079000002065000019900020000020500800
007008050000000100190052000500003407030000020701900006000560048006000000080400900
007009040610200005000500300000000504006090800901000000003004000800001026070800400
007020030001000005000000294200000608000410020050000000680070000704060009000080300
007020500030409080100000007080904060300000008050703040400000006010605020003040800
007030050010702060000010400000000004403080106900000000005090000090803020080070300
007034000000020080400700500790000032000040000230000068001006005060090000000150300
007040900035070640400010002800105003070306090000000000080000060000000000041000280
007050020800001030000000040100004000089367150000100003070000000040200005030090800
007100004045090030100000500000400020000507000070003000006000003030080260700002100
007105900000080000600409005102000508040000020306000709900803007000020000003701600
007130020010000060000020400006002089000080000980700600005090000030000040040017800
007203080020007036000000007000100600003090500005004000500000000910300040070802300
007210000200000003000063500050000200024090670006000050001970000900000004000081900
007300080005104700100020000010000009900000007600000010000080002009406800040003500
007301500000806000100020003420000069008000300970000054500010007000908000006407900
007400000020000804190000060010650000006208300000097020080000031301000090000006700
007430060000009400200600050000000940001080300063000000070004005008500000050092700
007500003090008206006000000000003091004090600930100000000000800701800040400005300
007526000300000000000030410000040970050080020021060000084050000000000003000698200
007580900300000760400000000708600010000020000010004506000000002036000001009053600
007805020050002009000000010076100000400030008000006490090000000300400080060203900
007820000000000700090005304300900010100000006080006005503700090002000000000084100
007900020540007080000200400051000006000030000900000250003001000080300041010006800
007902000000500100020008006201000063000000000690000502500800070004007000000603800
008000000000503007030007401000020043009000600210060000806100090500806000000000500
008000003090000000570400600000006008030704020700100000001002059000000060400000100
008000024070006000310500000230007000005090800000200069000004093000100040450000100
008000040020006700001007003000900068005000400290003000400100800006500070010000900
008000060020905000007080003002040009000609000500010800400020100000407020060000500
008000070900007005046500000063700020000820000020039500000008704100904300080000010
008000090000095600010070300003000009046020710700000400002080030005940000060000200
008000100070040030600507004007080600040602050006050300700205003020070080009000200
008000100100267003020080070060509010009000300030402060080040050500826001003000800
008000107004008000050010090800100700090050020003007006040070060000500200206000300
008000300000201000107030602004000700020000060306405208600504009000000000500106007
008000500000706000060020090020153070007000300080974050040090020000408000001000800
008000600040807050001902000230000007000000000100000036000609200060401080007000300
008000700903000000000201600000708524000000000000004037300000000080146000450020090
008000900000002500710040000300094000600000002000320008000070061007600000005000800
008004025020300600400002000706000000300080009000000408000200003007009010510700800
008005000002300090007002108000000063000040000510000000903800400060007300000200800
008006004190080000400100070003600000000213000000008500040002007000040025900700800
008006009970000030500090000041700080000080000080002490000050007010000064400200800
008009061010500009700030400090300008005000200800005030004020006300004070920800100
008010400000004070030070201003000007900208004200000600306050040040100000005090800
008020000017503000450001600030005140800000009041700060004600035000304290000090400
008020000460000090900000500700908300000000000005603008001000006020000081000070400
008020100030000040070040005006000090000468000080000200200070080060000030009010400
008020750700010000200800300000004200400000009001600000007009005000080004056040100
008040900070050030600201008004000200350000076001000800200509004090080020007010500
008050010900030005004000020001300060000507000070006100090000800600020003030090200
008060000509000001003204000020005000800040009000100030000906500100000704000080600
008070000025400008000008004100006700000040000003200001700500000600001850000090300
008070500200900001000006028003000002007080400800000100960300000400007009005010600
008090000000856030040000810000300007030010090400002000051000060070639000000080200
008090001530002000040000080007030000080609040000020300090000030000900065400010700
008102000000000953000700008401500007000000000600001305300006000294000000000209400
008102050020050800003000000070380500000209000009015060000000200005090010040508700
008102500000040000300508001807000206060000070504000109100407003000050000002609400
008120900002058001000000000900400070070000050050007006000000000400370500003091200
008190070090007001100008000800000520200000004013000008000500009400300050080072600
008300000400005070050068021000800702000050000706004000940180030070500004000009200
008300010003005080190000000907060000002000500000020801000000094030700200060008100
008300402460010000300009000086000039000000000950000170000700005000060017607002800
008402600000600000100800023300000009001050400500000007270008006000003000009506800
008405000542030000100008300060000907000000030307100006005600083000001020000800760
008416700001000800500080006803000507070308020209000308100020004002000900006147200
008503790000100080070000003000005308000070000502900000100000060060002000094601500
008600000030800100020035070009000200100000008004000900060710080005002010000009700
008600009020094000000300405060000500009040700003000010701002000000510030800009200
008600900190000020000905004060000003400070001300000070800706000010000082005004700
008670400070030000600002003400003800160000039005200004700900005000040020004021600
008706200000040000500908001803000904050000070602000503100407009000090000006201300
008900000700030008600700210005000030000689000010000400086004002200090005000002300
008901600000070000700603004501000306040000020203000508600108005000090000009407100
009000000040003005070200001006090000010508000700000300000000000500460078600001409
009000003370000000400006000501040000000000700000008960007382040020500009000010007
009000006003070000100530090004001020500020008020700400040068001000010500300000900
009000030830000020002900507000010800000604000003050000608007900020000076040000100
009000200070050030600702008001905400050000060007103500700201004080090020004000300
009000200250063400000100000300010000002405100000030006000004000008570049005000800
009000300000070020800056090540200000000000000000008069060710002020040000003000700
009000308050732000010000200000000049000915000970000000005000030000824060106000700
009000370000040001000102800068009000070000010000700640002306000500020000083000900
009000400000007008000506003005080200040010060002050100900304000700800000003000800
009000400200061000008052060000600004070000010300007000050130900000590008004000500
009000500000000000600859003004000100020501080800706004000000000907000402530204061
009000600050620700300040001210080000000000005400003000000209000730005080000000100
009001000000300809003050100600705000000000900004080073500017000070604000000000062
009001040010000000503200000000500706030010020408009000000006904000000060080700200
009002000000070001008059060600000030002080700080000009050730200100040000000600400
009003000100000600002050070400105000200000003000309008020070500008000001000900400
009004000706000000020107900600009000000000027000000306073020400004050000000000583
009005006480060070000840000000004093000080000140200000000057000060030057300100600
009012000800406000507000000090005018000160009000090070930000204078003000005000360
009017000000600000150000400000800006700400000608000300000023001800000070030050090
009027000000690800000005030008300701007000043600002080700038004010000000906500000
009050000702003050100004000070200004010030080400008030000900001090500603000070800
009050400030201060000908000500000006090305020000020000070060010004000700203407608
009080005517000000000061700190030500003008604000000000060070049402003060070006050
009080600000003028060000001007208000030000050000509700100000060620100000004050100
009208500000905000200030006670000025008000700590000061100090003000803000003504600
009300000045002900610500080204001060000000000050400708030006049001900870000005600
009500000003020070240008100700090800030207040005010002008100069010030500000002400
009500006001000000006800002000900070200070005080003000300007100000000800500001400
009500400500040000000009006070050200301064070006000008000490001700002000060080030
009501300800060005005209600003000800408000509020000060000000000010000070000932000
009540000002000075000100600840005009000000000300700046006008000230000900000029100
009800100700000084060002000004090000006547200000030600000300010180000003002009500
009806300000040000400507009903000602010000080508000901700104006000060000001908200
009840006000500000000010970031050000004000029000000701106400800000000000052796000
010000000008435000006100903800007206600300050270060000000001080000040000004003001
010000000020800504000009070000090750050160029908000600000000002640500300000004000
010000040800107009000256000081000630005060900069000820000374000600509002070000090
010000060080050020000409000003000700000205000700060004204000503000000000009020100
010000070002060100007000500030209010905000204000000000800703009000805000054000380
010000080800900000630070020080000506000502000705000040070030068000004003090000070
010000090000030000003095012005001020000003080007029400900400050000000000061072000
010000090408000105052010870000709000004080300000203000023060710701000403040000020
010000200580000090006045000000002005200109003100500000000760500090000038001000070
010000790007003005000001008059006000001080500000700420500400000100200900046000050
010000800907000600000000045000906000208040000501007000000250060030000002400860090
010000900000009002004031000400500027002000100830007004000460800500300000006000050
010000970000060004000002080005600100400981003001005800030700000700010000092000050
010003000600002700207060040809000064004000300760000000000041500000300009000907480
010003900600000001004070200002006400000405000009800300007080100500000004006900020
010004200300200005006000700000040009040030070900050000007000900600001002009800030
010007502700000300000650000960001020070000090020900043000089000001000006807400050
010008460070200000008400500040006003000080000600700010003005200000001070052800090
010008900000000063004700120090400006000809000700006050078004500450000000009100030
010020000060004800004609030000100600050000090002003000030506100009800050000070040
010020006042008000050100900801300000000050000000001703007002090000600450400090070
010030020600000004002107500000000000007506800008040600090000070000000000003258100
010030040400702006000408000086000250900000004054000160000309000700201005030070090
010030050700901008000406000047000630800000004039000780000105000500208003020090040
010030450600002000003000000000900007200806003900004000000000100000500008046010070
010040000070200003080500000400905027000000000620107004000008090800006070000050080
010040020600302004000701000098000370400000009031000640000806000300407002070020090
010050080500603007006000500070060090600204001020030040002000400700106003080020060
010060000300000700002805060509080030000000000020040109040307600007000008000020040
010070600000000090030006500006150040300080002070093100002900080060000000008020010
010072300800000200000900006070608400500000007009307010900001000002000008008240050
